output_filename is output-13:15:20. Check that after the program finished.
try to open the char dev - node file..
24577 0 1 13
60642 0 3 25
66035 0 3 27
66035 0 3 27
66035 0 3 27
66035 0 3 27
66035 0 3 27
66035 0 3 27
66035 0 3 27
66035 0 3 27
66035 0 3 27
66035 0 3 27
66035 0 3 27
66035 0 3 27
66035 0 3 27
66035 0 3 27
66035 0 3 27
66035 0 3 27
66035 0 3 27
66035 0 3 27
66035 0 3 27
66035 0 3 27
66035 0 3 27
66035 0 3 27
66035 0 3 27
66035 0 3 27
66035 0 3 27
66035 0 3 27
66035 0 3 27
66035 0 3 27
66035 0 3 27
66035 0 3 27
66035 0 3 27
66035 0 3 27
66035 0 3 27
66035 0 3 27
66035 0 3 27
66035 0 3 27
66035 0 3 27
66035 0 3 27
66035 0 3 27
66035 0 3 27
66035 0 3 27
66035 0 3 27
66035 0 3 27
66035 0 3 27
66035 0 3 27
66035 0 3 27
66035 0 3 27
66035 0 3 27
66959 0 3 28
96198 0 7 37
116605 0 11 42
118010 0 11 42
118010 0 11 42
118010 0 11 42
118010 0 11 42
118010 0 11 42
118010 0 11 42
118010 0 11 42
118010 0 11 42
118010 0 11 42
118010 0 11 42
118010 0 11 42
118010 0 11 42
118010 0 11 42
118010 0 11 42
118010 0 11 42
118010 0 11 42
118010 0 11 42
118010 0 11 42
118010 0 11 42
118010 0 11 42
118010 0 11 42
118010 0 11 42
118010 0 11 42
118010 0 11 42
118010 0 11 42
118010 0 11 42
118010 0 11 42
118010 0 11 42
118010 0 11 42
118010 0 11 42
118010 0 11 42
118010 0 11 42
118010 0 11 42
118010 0 11 42
118010 0 11 42
118010 0 11 42
118010 0 11 42
118010 0 11 42
118010 0 11 42
118010 0 11 42
118010 0 11 42
118010 0 11 42
118010 0 11 42
118010 0 11 42
118010 0 11 42
118010 0 11 42
118010 0 11 42
118010 0 11 42
128906 0 12 47
150898 0 13 55
160339 0 14 58
160339 0 14 58
160339 0 14 58
160339 0 14 58
160339 0 14 58
160339 0 14 58
160339 0 14 58
160339 0 14 58
160339 0 14 58
160339 0 14 58
160339 0 14 58
160339 0 14 58
160339 0 14 58
160339 0 14 58
160339 0 14 58
160339 0 14 58
160339 0 14 58
160339 0 14 58
160339 0 14 58
160339 0 14 58
160339 0 14 58
160339 0 14 58
160339 0 14 58
160339 0 14 58
160339 0 14 58
160339 0 14 58
160339 0 14 58
160339 0 14 58
160339 0 14 58
160339 0 14 58
160339 0 14 58
160339 0 14 58
160339 0 14 58
160339 0 14 58
160339 0 14 58
160339 0 14 58
160339 0 14 58
160339 0 14 58
160339 0 14 58
160339 0 14 58
160339 0 14 58
160339 0 14 58
160339 0 14 58
160339 0 14 58
160339 0 14 58
160339 0 14 58
160339 0 14 58
160339 0 14 58
160339 0 14 58
185602 0 17 65
195724 0 17 69
195724 0 17 69
195724 0 17 69
195724 0 17 69
195724 0 17 69
195724 0 17 69
195724 0 17 69
195724 0 17 69
195724 0 17 69
195724 0 17 69
195724 0 17 69
195724 0 17 69
195724 0 17 69
195724 0 17 69
195724 0 17 69
195724 0 17 69
195724 0 17 69
195724 0 17 69
195724 0 17 69
195724 0 17 69
195724 0 17 69
195724 0 17 69
195724 0 17 69
195724 0 17 69
195724 0 17 69
195724 0 17 69
195724 0 17 69
195724 0 17 69
195724 0 17 69
195724 0 17 69
195724 0 17 69
195724 0 17 69
195724 0 17 69
195724 0 17 69
195724 0 17 69
195724 0 17 69
195724 0 17 69
195724 0 17 69
195724 0 17 69
195724 0 17 69
195724 0 17 69
195724 0 17 69
195724 0 17 69
195724 0 17 69
195724 0 17 69
195724 0 17 69
195724 0 17 69
195724 0 17 69
195724 0 17 69
206309 0 18 74
221726 0 20 80
224424 0 20 81
224424 0 20 81
224424 0 20 81
224424 0 20 81
224424 0 20 81
224424 0 20 81
224424 0 20 81
224424 0 20 81
224424 0 20 81
224424 0 20 81
224424 0 20 81
224424 0 20 81
224424 0 20 81
224424 0 20 81
224424 0 20 81
224424 0 20 81
224424 0 20 81
224424 0 20 81
224424 0 20 81
224424 0 20 81
224424 0 20 81
224424 0 20 81
224424 0 20 81
224424 0 20 81
224424 0 20 81
224424 0 20 81
224424 0 20 81
224424 0 20 81
224424 0 20 81
224424 0 20 81
224424 0 20 81
224424 0 20 81
224424 0 20 81
224424 0 20 81
224424 0 20 81
224424 0 20 81
224424 0 20 81
224424 0 20 81
224424 0 20 81
224424 0 20 81
224424 0 20 81
224424 0 20 81
224424 0 20 81
224424 0 20 81
224424 0 20 81
224424 0 20 81
224424 0 20 81
224424 0 20 81
229114 0 20 83
243132 0 22 87
248490 0 24 88
248490 0 24 88
248490 0 24 88
248490 0 24 88
248490 0 24 88
248490 0 24 88
248490 0 24 88
248490 0 24 88
248490 0 24 88
248490 0 24 88
248490 0 24 88
248490 0 24 88
248490 0 24 88
248490 0 24 88
248490 0 24 88
248490 0 24 88
248490 0 24 88
248490 0 24 88
248490 0 24 88
248490 0 24 88
248490 0 24 88
248490 0 24 88
248490 0 24 88
248490 0 24 88
248490 0 24 88
248490 0 24 88
248490 0 24 88
248490 0 24 88
248490 0 24 88
248490 0 24 88
248490 0 24 88
248490 0 24 88
248490 0 24 88
248490 0 24 88
248490 0 24 88
248490 0 24 88
248490 0 24 88
248490 0 24 88
248490 0 24 88
248490 0 24 88
248490 0 24 88
248490 0 24 88
248490 0 24 88
248490 0 24 88
248490 0 24 88
248490 0 24 88
248490 0 24 88
248490 0 24 88
251242 0 24 90
262539 0 24 96
268139 0 24 99
268139 0 24 99
268139 0 24 99
268139 0 24 99
268139 0 24 99
268139 0 24 99
268139 0 24 99
268139 0 24 99
268139 0 24 99
268139 0 24 99
268139 0 24 99
268139 0 24 99
268139 0 24 99
268139 0 24 99
268139 0 24 99
268139 0 24 99
268139 0 24 99
268139 0 24 99
268139 0 24 99
268139 0 24 99
268139 0 24 99
268139 0 24 99
268139 0 24 99
268139 0 24 99
268139 0 24 99
268139 0 24 99
268139 0 24 99
268139 0 24 99
268139 0 24 99
268139 0 24 99
268139 0 24 99
268139 0 24 99
268139 0 24 99
268139 0 24 99
268139 0 24 99
268139 0 24 99
268139 0 24 99
268139 0 24 99
268139 0 24 99
268139 0 24 99
268139 0 24 99
268139 0 24 99
268139 0 24 99
268139 0 24 99
268139 0 24 99
268139 0 24 99
268139 0 24 99
268139 0 24 99
268139 0 24 99
279714 0 25 104
284344 0 25 106
284344 0 25 106
284344 0 25 106
284344 0 25 106
284344 0 25 106
284344 0 25 106
284344 0 25 106
284344 0 25 106
284344 0 25 106
284344 0 25 106
284344 0 25 106
284344 0 25 106
284344 0 25 106
284344 0 25 106
284344 0 25 106
284344 0 25 106
284344 0 25 106
284344 0 25 106
284344 0 25 106
284344 0 25 106
284344 0 25 106
284344 0 25 106
284344 0 25 106
284344 0 25 106
284344 0 25 106
284344 0 25 106
284344 0 25 106
284344 0 25 106
284344 0 25 106
284344 0 25 106
284344 0 25 106
284344 0 25 106
284344 0 25 106
284344 0 25 106
284344 0 25 106
284344 0 25 106
284344 0 25 106
284344 0 25 106
284344 0 25 106
284344 0 25 106
284344 0 25 106
284344 0 25 106
284344 0 25 106
284344 0 25 106
284344 0 25 106
284344 0 25 106
284344 0 25 106
284344 0 25 106
284344 0 25 106
293714 0 27 111
297462 0 29 111
297462 0 29 111
297462 0 29 111
297462 0 29 111
297462 0 29 111
297462 0 29 111
297462 0 29 111
297462 0 29 111
297462 0 29 111
297462 0 29 111
297462 0 29 111
297462 0 29 111
297462 0 29 111
297462 0 29 111
297462 0 29 111
297462 0 29 111
297462 0 29 111
297462 0 29 111
297462 0 29 111
297462 0 29 111
297462 0 29 111
297462 0 29 111
297462 0 29 111
297462 0 29 111
297462 0 29 111
297462 0 29 111
297462 0 29 111
297462 0 29 111
297462 0 29 111
297462 0 29 111
297462 0 29 111
297462 0 29 111
297462 0 29 111
297462 0 29 111
297462 0 29 111
297462 0 29 111
297462 0 29 111
297462 0 29 111
297462 0 29 111
297462 0 29 111
297462 0 29 111
297462 0 29 111
297462 0 29 111
297462 0 29 111
297462 0 29 111
297462 0 29 111
297462 0 29 111
297462 0 29 111
297462 0 29 111
305472 0 31 113
308676 0 32 114
308676 0 32 114
308676 0 32 114
308676 0 32 114
308676 0 32 114
308676 0 32 114
308676 0 32 114
308676 0 32 114
308676 0 32 114
308676 0 32 114
308676 0 32 114
308676 0 32 114
308676 0 32 114
308676 0 32 114
308676 0 32 114
308676 0 32 114
308676 0 32 114
308676 0 32 114
308676 0 32 114
308676 0 32 114
308676 0 32 114
308676 0 32 114
308676 0 32 114
308676 0 32 114
308676 0 32 114
308676 0 32 114
308676 0 32 114
308676 0 32 114
308676 0 32 114
308676 0 32 114
308676 0 32 114
308676 0 32 114
308676 0 32 114
308676 0 32 114
308676 0 32 114
308676 0 32 114
308676 0 32 114
308676 0 32 114
308676 0 32 114
308676 0 32 114
308676 0 32 114
308676 0 32 114
308676 0 32 114
308676 0 32 114
308676 0 32 114
308676 0 32 114
308676 0 32 114
308676 0 32 114
308676 0 32 114
314936 0 35 115
317440 0 36 116
317440 0 36 116
317440 0 36 116
317440 0 36 116
317440 0 36 116
317440 0 36 116
317440 0 36 116
317440 0 36 116
317440 0 36 116
317440 0 36 116
317440 0 36 116
317440 0 36 116
317440 0 36 116
317440 0 36 116
317440 0 36 116
317440 0 36 116
317440 0 36 116
317440 0 36 116
317440 0 36 116
317440 0 36 116
317440 0 36 116
317440 0 36 116
317440 0 36 116
317440 0 36 116
317440 0 36 116
317440 0 36 116
317440 0 36 116
317440 0 36 116
317440 0 36 116
317440 0 36 116
317440 0 36 116
317440 0 36 116
317440 0 36 116
317440 0 36 116
317440 0 36 116
317440 0 36 116
317440 0 36 116
317440 0 36 116
317440 0 36 116
317440 0 36 116
317440 0 36 116
317440 0 36 116
317440 0 36 116
317440 0 36 116
317440 0 36 116
317440 0 36 116
317440 0 36 116
317440 0 36 116
317440 0 36 116
319404 0 36 118
323332 0 37 120
324314 0 37 120
324314 0 37 120
324314 0 37 120
324314 0 37 120
324314 0 37 120
324314 0 37 120
324314 0 37 120
324314 0 37 120
324314 0 37 120
324314 0 37 120
324314 0 37 120
324314 0 37 120
324314 0 37 120
324314 0 37 120
324314 0 37 120
324314 0 37 120
324314 0 37 120
324314 0 37 120
324314 0 37 120
324314 0 37 120
324314 0 37 120
324314 0 37 120
324314 0 37 120
324314 0 37 120
324314 0 37 120
324314 0 37 120
324314 0 37 120
324314 0 37 120
324314 0 37 120
324314 0 37 120
324314 0 37 120
324314 0 37 120
324314 0 37 120
324314 0 37 120
324314 0 37 120
324314 0 37 120
324314 0 37 120
324314 0 37 120
324314 0 37 120
324314 0 37 120
324314 0 37 120
324314 0 37 120
324314 0 37 120
324314 0 37 120
324314 0 37 120
324314 0 37 120
324314 0 37 120
324314 0 37 120
326108 0 38 120
329696 0 39 122
330593 0 40 122
330593 0 40 122
330593 0 40 122
330593 0 40 122
330593 0 40 122
330593 0 40 122
330593 0 40 122
330593 0 40 122
330593 0 40 122
330593 0 40 122
330593 0 40 122
330593 0 40 122
330593 0 40 122
330593 0 40 122
330593 0 40 122
330593 0 40 122
330593 0 40 122
330593 0 40 122
330593 0 40 122
330593 0 40 122
330593 0 40 122
330593 0 40 122
330593 0 40 122
330593 0 40 122
330593 0 40 122
330593 0 40 122
330593 0 40 122
330593 0 40 122
330593 0 40 122
330593 0 40 122
330593 0 40 122
330593 0 40 122
330593 0 40 122
330593 0 40 122
330593 0 40 122
330593 0 40 122
330593 0 40 122
330593 0 40 122
330593 0 40 122
330593 0 40 122
330593 0 40 122
330593 0 40 122
330593 0 40 122
330593 0 40 122
330593 0 40 122
330593 0 40 122
330593 0 40 122
330593 0 40 122
331712 0 41 122
334919 0 41 123
335640 0 41 124
335640 0 41 124
335640 0 41 124
335640 0 41 124
335640 0 41 124
335640 0 41 124
335640 0 41 124
335640 0 41 124
335640 0 41 124
335640 0 41 124
335640 0 41 124
335640 0 41 124
335640 0 41 124
335640 0 41 124
335640 0 41 124
335640 0 41 124
335640 0 41 124
335640 0 41 124
335640 0 41 124
335640 0 41 124
335640 0 41 124
335640 0 41 124
335640 0 41 124
335640 0 41 124
335640 0 41 124
335640 0 41 124
335640 0 41 124
335640 0 41 124
335640 0 41 124
335640 0 41 124
335640 0 41 124
335640 0 41 124
335640 0 41 124
335640 0 41 124
335640 0 41 124
335640 0 41 124
335640 0 41 124
335640 0 41 124
335640 0 41 124
335640 0 41 124
335640 0 41 124
335640 0 41 124
335640 0 41 124
335640 0 41 124
335640 0 41 124
335640 0 41 124
335640 0 41 124
335640 0 41 124
336261 0 42 124
339366 0 43 125
339987 0 43 125
339987 0 43 125
339987 0 43 125
339987 0 43 125
339987 0 43 125
339987 0 43 125
339987 0 43 125
339987 0 43 125
339987 0 43 125
339987 0 43 125
339987 0 43 125
339987 0 43 125
339987 0 43 125
339987 0 43 125
339987 0 43 125
339987 0 43 125
339987 0 43 125
339987 0 43 125
339987 0 43 125
339987 0 43 125
339987 0 43 125
339987 0 43 125
339987 0 43 125
339987 0 43 125
339987 0 43 125
339987 0 43 125
339987 0 43 125
339987 0 43 125
339987 0 43 125
339987 0 43 125
339987 0 43 125
339987 0 43 125
339987 0 43 125
339987 0 43 125
339987 0 43 125
339987 0 43 125
339987 0 43 125
339987 0 43 125
339987 0 43 125
339987 0 43 125
339987 0 43 125
339987 0 43 125
339987 0 43 125
339987 0 43 125
339987 0 43 125
339987 0 43 125
339987 0 43 125
339987 0 43 125
340468 0 43 126
342873 0 46 126
343354 0 46 127
343354 0 46 127
343354 0 46 127
343354 0 46 127
343354 0 46 127
343354 0 46 127
343354 0 46 127
343354 0 46 127
343354 0 46 127
343354 0 46 127
343354 0 46 127
343354 0 46 127
343354 0 46 127
343354 0 46 127
343354 0 46 127
343354 0 46 127
343354 0 46 127
343354 0 46 127
343354 0 46 127
343354 0 46 127
343354 0 46 127
343354 0 46 127
343354 0 46 127
343354 0 46 127
343354 0 46 127
343354 0 46 127
343354 0 46 127
343354 0 46 127
343354 0 46 127
343354 0 46 127
343354 0 46 127
343354 0 46 127
343354 0 46 127
343354 0 46 127
343354 0 46 127
343354 0 46 127
343354 0 46 127
343354 0 46 127
343354 0 46 127
343354 0 46 127
343354 0 46 127
343354 0 46 127
343354 0 46 127
343354 0 46 127
343354 0 46 127
343354 0 46 127
343354 0 46 127
343354 0 46 127
343752 0 46 127
345742 0 48 127
346140 0 48 127
346140 0 48 127
346140 0 48 127
346140 0 48 127
346140 0 48 127
346140 0 48 127
346140 0 48 127
346140 0 48 127
346140 0 48 127
346140 0 48 127
346140 0 48 127
346140 0 48 127
346140 0 48 127
346140 0 48 127
346140 0 48 127
346140 0 48 127
346140 0 48 127
346140 0 48 127
346140 0 48 127
346140 0 48 127
346140 0 48 127
346140 0 48 127
346140 0 48 127
346140 0 48 127
346140 0 48 127
346140 0 48 127
346140 0 48 127
346140 0 48 127
346140 0 48 127
346140 0 48 127
346140 0 48 127
346140 0 48 127
346140 0 48 127
346140 0 48 127
346140 0 48 127
346140 0 48 127
346140 0 48 127
346140 0 48 127
346140 0 48 127
346140 0 48 127
346140 0 48 127
346140 0 48 127
346140 0 48 127
346140 0 48 127
346140 0 48 127
346140 0 48 127
346140 0 48 127
346140 0 48 127
346350 0 49 127
348068 0 51 128
348569 0 51 129
348569 0 51 129
348569 0 51 129
348569 0 51 129
348569 0 51 129
348569 0 51 129
348569 0 51 129
348569 0 51 129
348569 0 51 129
348569 0 51 129
348569 0 51 129
348569 0 51 129
348569 0 51 129
348569 0 51 129
348569 0 51 129
348569 0 51 129
348569 0 51 129
348569 0 51 129
348569 0 51 129
348569 0 51 129
348569 0 51 129
348569 0 51 129
348569 0 51 129
348569 0 51 129
348569 0 51 129
348569 0 51 129
348569 0 51 129
348569 0 51 129
348569 0 51 129
348569 0 51 129
348569 0 51 129
348569 0 51 129
348569 0 51 129
348569 0 51 129
348569 0 51 129
348569 0 51 129
348569 0 51 129
348569 0 51 129
348569 0 51 129
348569 0 51 129
348569 0 51 129
348569 0 51 129
348569 0 51 129
348569 0 51 129
348569 0 51 129
348569 0 51 129
348569 0 51 129
348569 0 51 129
348569 0 51 129
350063 0 52 130
350312 0 52 131
350312 0 52 131
350312 0 52 131
350312 0 52 131
350312 0 52 131
350312 0 52 131
350312 0 52 131
350312 0 52 131
350312 0 52 131
350312 0 52 131
350312 0 52 131
350312 0 52 131
350312 0 52 131
350312 0 52 131
350312 0 52 131
350312 0 52 131
350312 0 52 131
350312 0 52 131
350312 0 52 131
350312 0 52 131
350312 0 52 131
350312 0 52 131
350312 0 52 131
350312 0 52 131
350312 0 52 131
350312 0 52 131
350312 0 52 131
350312 0 52 131
350312 0 52 131
350312 0 52 131
350312 0 52 131
350312 0 52 131
350312 0 52 131
350312 0 52 131
350312 0 52 131
350312 0 52 131
350312 0 52 131
350312 0 52 131
350312 0 52 131
350312 0 52 131
350312 0 52 131
350312 0 52 131
350312 0 52 131
350312 0 52 131
350312 0 52 131
350312 0 52 131
350312 0 52 131
350312 0 52 131
350476 0 53 131
351688 0 56 132
351971 0 56 132
351971 0 56 132
351971 0 56 132
351971 0 56 132
351971 0 56 132
351971 0 56 132
351971 0 56 132
351971 0 56 132
351971 0 56 132
351971 0 56 132
351971 0 56 132
351971 0 56 132
351971 0 56 132
351971 0 56 132
351971 0 56 132
351971 0 56 132
351971 0 56 132
351971 0 56 132
351971 0 56 132
351971 0 56 132
351971 0 56 132
351971 0 56 132
351971 0 56 132
351971 0 56 132
351971 0 56 132
351971 0 56 132
351971 0 56 132
351971 0 56 132
351971 0 56 132
351971 0 56 132
351971 0 56 132
351971 0 56 132
351971 0 56 132
351971 0 56 132
351971 0 56 132
351971 0 56 132
351971 0 56 132
351971 0 56 132
351971 0 56 132
351971 0 56 132
351971 0 56 132
351971 0 56 132
351971 0 56 132
351971 0 56 132
351971 0 56 132
351971 0 56 132
351971 0 56 132
351971 0 56 132
351971 0 56 132
351972 0 56 146
351975 0 58 159
read 1006 profiled data
