output_filename is output-14:50:57. Check that after the program finished.
try to open the char dev - node file..
4305680294 35981 0 15
4305680299 11180 0 4
4305680305 0 0 0
4305680310 0 0 0
4305680315 0 0 0
4305680320 0 0 0
4305680325 0 0 0
4305680330 0 0 0
4305680335 0 0 0
4305680340 0 0 0
4305680345 0 0 0
4305680350 0 0 0
4305680355 0 0 0
4305680360 0 0 0
4305680365 0 0 0
4305680370 0 0 0
4305680375 0 0 0
4305680380 0 0 0
4305680385 0 0 0
4305680390 0 0 0
4305680395 0 0 0
4305680400 0 0 0
4305680405 0 0 0
4305680410 0 0 0
4305680415 0 0 0
4305680420 0 0 0
4305680425 0 0 0
4305680430 0 0 0
4305680435 0 0 0
4305680440 0 0 0
4305680445 0 0 0
4305680450 0 0 0
4305680455 0 0 0
4305680460 0 0 0
4305680465 0 0 0
4305680470 0 0 0
4305680475 0 0 0
4305680480 0 0 0
4305680485 0 0 0
4305680490 0 0 0
4305680495 0 0 0
4305680500 0 0 0
4305680505 0 0 0
4305680510 0 0 0
4305680515 0 0 0
4305680520 0 0 0
4305680525 0 0 0
4305680530 0 0 0
4305680535 0 0 0
4305680540 0 0 0
4305680546 14748 0 6
4305680552 22377 0 8
4305680557 0 0 0
4305680562 0 0 0
4305680567 0 0 0
4305680572 0 0 0
4305680577 0 0 0
4305680582 0 0 0
4305680587 0 0 0
4305680592 0 0 0
4305680597 0 0 0
4305680602 0 0 0
4305680607 0 0 0
4305680612 0 0 0
4305680617 0 0 0
4305680622 0 0 0
4305680627 0 0 0
4305680632 0 0 0
4305680637 0 0 0
4305680642 0 0 0
4305680647 0 0 0
4305680652 0 0 0
4305680657 0 0 0
4305680662 0 0 0
4305680667 0 0 0
4305680672 0 0 0
4305680677 0 0 0
4305680682 0 0 0
4305680687 0 0 0
4305680692 0 0 0
4305680697 0 0 0
4305680702 0 0 0
4305680707 0 0 0
4305680712 0 0 0
4305680717 0 0 0
4305680722 0 0 0
4305680727 0 0 0
4305680732 0 0 0
4305680737 0 0 0
4305680742 0 0 0
4305680747 0 0 0
4305680752 0 0 0
4305680757 0 0 0
4305680762 0 0 0
4305680767 0 0 0
4305680772 0 0 0
4305680777 0 0 0
4305680782 0 0 0
4305680787 0 0 0
4305680792 0 0 0
4305680797 3211 0 2
4305680802 22700 0 9
4305680807 4324 0 2
4305680812 0 0 0
4305680817 0 0 0
4305680822 0 0 0
4305680827 0 0 0
4305680832 0 0 0
4305680837 0 0 0
4305680842 0 0 0
4305680847 0 0 0
4305680852 0 0 0
4305680857 0 0 0
4305680862 0 0 0
4305680867 0 0 0
4305680872 0 0 0
4305680877 0 0 0
4305680882 0 0 0
4305680887 0 0 0
4305680892 0 0 0
4305680897 0 0 0
4305680902 0 0 0
4305680907 0 0 0
4305680912 0 0 0
4305680917 0 0 0
4305680922 0 0 0
4305680927 0 0 0
4305680932 0 0 0
4305680937 0 0 0
4305680942 0 0 0
4305680947 0 0 0
4305680952 0 0 0
4305680957 0 0 0
4305680962 0 0 0
4305680967 0 0 0
4305680972 0 0 0
4305680977 0 0 0
4305680982 0 0 0
4305680987 0 0 0
4305680992 0 0 0
4305680997 0 0 0
4305681002 0 0 0
4305681007 0 0 0
4305681012 0 0 0
4305681017 0 0 0
4305681022 0 0 0
4305681027 0 0 0
4305681032 0 0 0
4305681037 0 0 0
4305681042 0 0 0
4305681047 0 0 0
4305681052 12101 0 5
4305681057 13174 0 5
4305681062 0 0 0
4305681067 0 0 0
4305681072 0 0 0
4305681077 0 0 0
4305681082 0 0 0
4305681087 0 0 0
4305681092 0 0 0
4305681097 0 0 0
4305681102 0 0 0
4305681107 0 0 0
4305681112 0 0 0
4305681117 0 0 0
4305681122 0 0 0
4305681127 0 0 0
4305681132 0 0 0
4305681137 0 0 0
4305681142 0 0 0
4305681147 0 0 0
4305681152 0 0 0
4305681157 0 0 0
4305681162 0 0 0
4305681167 0 0 0
4305681172 0 0 0
4305681177 0 0 0
4305681182 0 0 0
4305681187 0 0 0
4305681192 0 0 0
4305681197 0 0 0
4305681202 0 0 0
4305681207 0 0 0
4305681212 0 0 0
4305681217 0 0 0
4305681222 0 0 0
4305681227 0 0 0
4305681232 0 0 0
4305681237 0 0 0
4305681242 0 0 0
4305681247 0 0 0
4305681252 0 0 0
4305681257 0 0 0
4305681262 0 0 0
4305681267 0 0 0
4305681272 0 0 0
4305681277 0 0 0
4305681282 0 0 0
4305681287 0 0 0
4305681292 0 0 0
4305681297 0 0 0
4305681302 5412 0 3
4305681307 15088 0 6
4305681312 0 0 0
4305681317 0 0 0
4305681322 0 0 0
4305681327 0 0 0
4305681332 0 0 0
4305681337 0 0 0
4305681342 0 0 0
4305681347 0 0 0
4305681352 0 0 0
4305681357 0 0 0
4305681362 0 0 0
4305681367 0 0 0
4305681372 0 0 0
4305681377 0 0 0
4305681382 0 0 0
4305681387 0 0 0
4305681392 0 0 0
4305681397 0 0 0
4305681402 0 0 0
4305681407 0 0 0
4305681412 0 0 0
4305681417 0 0 0
4305681422 0 0 0
4305681427 0 0 0
4305681432 0 0 0
4305681437 0 0 0
4305681442 0 0 0
4305681447 0 0 0
4305681452 0 0 0
4305681457 0 0 0
4305681462 0 0 0
4305681467 0 0 0
4305681472 0 0 0
4305681477 0 0 0
4305681482 0 0 0
4305681487 0 0 0
4305681492 0 0 0
4305681497 0 0 0
4305681502 0 0 0
4305681507 0 0 0
4305681512 0 0 0
4305681517 0 0 0
4305681522 0 0 0
4305681527 0 0 0
4305681532 0 0 0
4305681537 0 0 0
4305681542 0 0 0
4305681547 0 0 0
4305681552 0 0 0
4305681557 11630 0 6
4305681562 5560 0 2
4305681567 0 0 0
4305681572 0 0 0
4305681577 0 0 0
4305681582 0 0 0
4305681587 0 0 0
4305681592 0 0 0
4305681597 0 0 0
4305681602 0 0 0
4305681607 0 0 0
4305681612 0 0 0
4305681617 0 0 0
4305681622 0 0 0
4305681627 0 0 0
4305681632 0 0 0
4305681637 0 0 0
4305681642 0 0 0
4305681647 0 0 0
4305681652 0 0 0
4305681657 0 0 0
4305681662 0 0 0
4305681667 0 0 0
4305681672 0 0 0
4305681677 0 0 0
4305681682 0 0 0
4305681687 0 0 0
4305681692 0 0 0
4305681697 0 0 0
4305681702 0 0 0
4305681707 0 0 0
4305681712 0 0 0
4305681717 0 0 0
4305681722 0 0 0
4305681727 0 0 0
4305681732 0 0 0
4305681737 0 0 0
4305681742 0 0 0
4305681747 0 0 0
4305681752 0 0 0
4305681757 0 0 0
4305681762 0 0 0
4305681767 0 0 0
4305681772 0 0 0
4305681777 0 0 0
4305681782 0 0 0
4305681787 0 0 0
4305681792 0 0 0
4305681797 0 0 0
4305681802 0 0 0
4305681807 5703 0 3
4305681812 8332 0 3
4305681817 0 0 0
4305681822 0 0 0
4305681827 0 0 0
4305681832 0 0 0
4305681837 0 0 0
4305681842 0 0 0
4305681847 0 0 0
4305681852 0 0 0
4305681857 0 0 0
4305681862 0 0 0
4305681867 0 0 0
4305681872 0 0 0
4305681877 0 0 0
4305681882 0 0 0
4305681887 0 0 0
4305681892 0 0 0
4305681897 0 0 0
4305681902 0 0 0
4305681907 0 0 0
4305681912 0 0 0
4305681917 0 0 0
4305681922 0 0 0
4305681927 0 0 0
4305681932 0 0 0
4305681937 0 0 0
4305681942 0 0 0
4305681947 0 0 0
4305681952 0 0 0
4305681957 0 0 0
4305681962 0 0 0
4305681967 0 0 0
4305681972 0 0 0
4305681977 0 0 0
4305681982 0 0 0
4305681987 0 0 0
4305681992 0 0 0
4305681997 0 0 0
4305682002 0 0 0
4305682007 0 0 0
4305682012 0 0 0
4305682017 0 0 0
4305682022 0 0 0
4305682027 0 0 0
4305682032 0 0 0
4305682037 0 0 0
4305682042 0 0 0
4305682047 0 0 0
4305682052 0 0 0
4305682057 4174 0 2
4305682062 7401 0 4
4305682067 0 0 0
4305682072 0 0 0
4305682077 0 0 0
4305682082 0 0 0
4305682087 0 0 0
4305682092 0 0 0
4305682097 0 0 0
4305682102 0 0 0
4305682107 0 0 0
4305682112 0 0 0
4305682117 0 0 0
4305682122 0 0 0
4305682127 0 0 0
4305682132 0 0 0
4305682137 0 0 0
4305682142 0 0 0
4305682147 0 0 0
4305682152 0 0 0
4305682157 0 0 0
4305682162 0 0 0
4305682167 0 0 0
4305682172 0 0 0
4305682177 0 0 0
4305682182 0 0 0
4305682187 0 0 0
4305682192 0 0 0
4305682197 0 0 0
4305682202 0 0 0
4305682207 0 0 0
4305682212 0 0 0
4305682217 0 0 0
4305682222 0 0 0
4305682227 0 0 0
4305682232 0 0 0
4305682237 0 0 0
4305682242 0 0 0
4305682247 0 0 0
4305682252 0 0 0
4305682257 0 0 0
4305682262 0 0 0
4305682267 0 0 0
4305682272 0 0 0
4305682277 0 0 0
4305682282 0 0 0
4305682287 0 0 0
4305682292 0 0 0
4305682297 0 0 0
4305682302 0 0 0
4305682307 1874 0 1
4305682312 7496 0 4
4305682317 0 0 0
4305682322 0 0 0
4305682327 0 0 0
4305682332 0 0 0
4305682337 0 0 0
4305682342 0 0 0
4305682347 0 0 0
4305682352 0 0 0
4305682357 0 0 0
4305682362 0 0 0
4305682367 0 0 0
4305682372 0 0 0
4305682377 0 0 0
4305682382 0 0 0
4305682387 0 0 0
4305682392 0 0 0
4305682397 0 0 0
4305682402 0 0 0
4305682407 0 0 0
4305682412 0 0 0
4305682417 0 0 0
4305682422 0 0 0
4305682427 0 0 0
4305682432 0 0 0
4305682437 0 0 0
4305682442 0 0 0
4305682447 0 0 0
4305682452 0 0 0
4305682457 0 0 0
4305682462 0 0 0
4305682467 0 0 0
4305682472 0 0 0
4305682477 0 0 0
4305682482 0 0 0
4305682487 0 0 0
4305682492 0 0 0
4305682497 0 0 0
4305682502 0 0 0
4305682507 0 0 0
4305682512 0 0 0
4305682517 0 0 0
4305682522 0 0 0
4305682527 0 0 0
4305682532 0 0 0
4305682537 0 0 0
4305682542 0 0 0
4305682547 0 0 0
4305682552 0 0 0
4305682557 0 0 0
4305682562 5068 0 4
4305682567 2942 0 1
4305682572 0 0 0
4305682577 0 0 0
4305682582 0 0 0
4305682587 0 0 0
4305682592 0 0 0
4305682597 0 0 0
4305682602 0 0 0
4305682607 0 0 0
4305682612 0 0 0
4305682617 0 0 0
4305682622 0 0 0
4305682627 0 0 0
4305682632 0 0 0
4305682637 0 0 0
4305682642 0 0 0
4305682647 0 0 0
4305682652 0 0 0
4305682657 0 0 0
4305682662 0 0 0
4305682667 0 0 0
4305682672 0 0 0
4305682677 0 0 0
4305682682 0 0 0
4305682687 0 0 0
4305682692 0 0 0
4305682697 0 0 0
4305682702 0 0 0
4305682707 0 0 0
4305682712 0 0 0
4305682717 0 0 0
4305682722 0 0 0
4305682727 0 0 0
4305682732 0 0 0
4305682737 0 0 0
4305682742 0 0 0
4305682747 0 0 0
4305682752 0 0 0
4305682757 0 0 0
4305682762 0 0 0
4305682767 0 0 0
4305682772 0 0 0
4305682777 0 0 0
4305682782 0 0 0
4305682787 0 0 0
4305682792 0 0 0
4305682797 0 0 0
4305682802 0 0 0
4305682807 0 0 0
4305682812 2504 0 1
4305682817 3756 0 2
4305682822 0 0 0
4305682827 0 0 0
4305682832 0 0 0
4305682837 0 0 0
4305682842 0 0 0
4305682847 0 0 0
4305682852 0 0 0
4305682857 0 0 0
4305682862 0 0 0
4305682867 0 0 0
4305682872 0 0 0
4305682877 0 0 0
4305682882 0 0 0
4305682887 0 0 0
4305682892 0 0 0
4305682897 0 0 0
4305682902 0 0 0
4305682907 0 0 0
4305682912 0 0 0
4305682917 0 0 0
4305682922 0 0 0
4305682927 0 0 0
4305682932 0 0 0
4305682937 0 0 0
4305682942 0 0 0
4305682947 0 0 0
4305682952 0 0 0
4305682957 0 0 0
4305682962 0 0 0
4305682967 0 0 0
4305682972 0 0 0
4305682977 0 0 0
4305682982 0 0 0
4305682987 0 0 0
4305682992 0 0 0
4305682997 0 0 0
4305683002 0 0 0
4305683007 0 0 0
4305683012 0 0 0
4305683017 0 0 0
4305683022 0 0 0
4305683027 0 0 0
4305683032 0 0 0
4305683037 0 0 0
4305683042 0 0 0
4305683047 0 0 0
4305683052 0 0 0
4305683057 0 0 0
4305683062 1964 0 2
4305683067 2946 0 3
4305683072 0 0 0
4305683077 0 0 0
4305683082 0 0 0
4305683087 0 0 0
4305683092 0 0 0
4305683097 0 0 0
4305683102 0 0 0
4305683107 0 0 0
4305683112 0 0 0
4305683117 0 0 0
4305683122 0 0 0
4305683127 0 0 0
4305683132 0 0 0
4305683137 0 0 0
4305683142 0 0 0
4305683147 0 0 0
4305683152 0 0 0
4305683157 0 0 0
4305683162 0 0 0
4305683167 0 0 0
4305683172 0 0 0
4305683177 0 0 0
4305683182 0 0 0
4305683187 0 0 0
4305683192 0 0 0
4305683197 0 0 0
4305683202 0 0 0
4305683207 0 0 0
4305683212 0 0 0
4305683217 0 0 0
4305683222 0 0 0
4305683227 0 0 0
4305683232 0 0 0
4305683237 0 0 0
4305683242 0 0 0
4305683247 0 0 0
4305683252 0 0 0
4305683257 0 0 0
4305683262 0 0 0
4305683267 0 0 0
4305683272 0 0 0
4305683277 0 0 0
4305683282 0 0 0
4305683287 0 0 0
4305683292 0 0 0
4305683297 0 0 0
4305683302 0 0 0
4305683307 0 0 0
4305683312 1794 0 1
4305683317 2691 0 2
4305683322 0 0 0
4305683327 0 0 0
4305683332 0 0 0
4305683337 0 0 0
4305683342 0 0 0
4305683347 0 0 0
4305683352 0 0 0
4305683357 0 0 0
4305683362 0 0 0
4305683367 0 0 0
4305683372 0 0 0
4305683377 0 0 0
4305683382 0 0 0
4305683387 0 0 0
4305683392 0 0 0
4305683397 0 0 0
4305683402 0 0 0
4305683407 0 0 0
4305683412 0 0 0
4305683417 0 0 0
4305683422 0 0 0
4305683427 0 0 0
4305683432 0 0 0
4305683437 0 0 0
4305683442 0 0 0
4305683447 0 0 0
4305683452 0 0 0
4305683457 0 0 0
4305683462 0 0 0
4305683467 0 0 0
4305683472 0 0 0
4305683477 0 0 0
4305683482 0 0 0
4305683487 0 0 0
4305683492 0 0 0
4305683497 0 0 0
4305683502 0 0 0
4305683507 0 0 0
4305683512 0 0 0
4305683517 0 0 0
4305683522 0 0 0
4305683527 0 0 0
4305683532 0 0 0
4305683537 0 0 0
4305683542 0 0 0
4305683547 0 0 0
4305683552 0 0 0
4305683557 0 0 0
4305683562 970 0 1
4305683567 2635 0 2
4305683572 0 0 0
4305683577 0 0 0
4305683582 0 0 0
4305683587 0 0 0
4305683592 0 0 0
4305683597 0 0 0
4305683602 0 0 0
4305683607 0 0 0
4305683612 0 0 0
4305683617 0 0 0
4305683622 0 0 0
4305683627 0 0 0
4305683632 0 0 0
4305683637 0 0 0
4305683642 0 0 0
4305683647 0 0 0
4305683652 0 0 0
4305683657 0 0 0
4305683662 0 0 0
4305683667 0 0 0
4305683672 0 0 0
4305683677 0 0 0
4305683682 0 0 0
4305683687 0 0 0
4305683692 0 0 0
4305683697 0 0 0
4305683702 0 0 0
4305683707 0 0 0
4305683712 0 0 0
4305683717 0 0 0
4305683722 0 0 0
4305683727 0 0 0
4305683732 0 0 0
4305683737 0 0 0
4305683742 0 0 0
4305683747 0 0 0
4305683752 0 0 0
4305683757 0 0 0
4305683762 0 0 0
4305683767 0 0 0
4305683772 0 0 0
4305683777 0 0 0
4305683782 0 0 0
4305683787 0 0 0
4305683792 0 0 0
4305683797 0 0 0
4305683802 0 0 0
4305683807 0 0 0
4305683812 621 0 1
4305683817 2484 0 2
4305683822 0 0 0
4305683827 0 0 0
4305683832 0 0 0
4305683837 0 0 0
4305683842 0 0 0
4305683847 0 0 0
4305683852 0 0 0
4305683857 0 0 0
4305683862 0 0 0
4305683867 0 0 0
4305683872 0 0 0
4305683877 0 0 0
4305683882 0 0 0
4305683887 0 0 0
4305683892 0 0 0
4305683897 0 0 0
4305683902 0 0 0
4305683907 0 0 0
4305683912 0 0 0
4305683917 0 0 0
4305683922 0 0 0
4305683927 0 0 0
4305683932 0 0 0
4305683937 0 0 0
4305683942 0 0 0
4305683947 0 0 0
4305683952 0 0 0
4305683957 0 0 0
4305683962 0 0 0
4305683967 0 0 0
4305683972 0 0 0
4305683977 0 0 0
4305683982 0 0 0
4305683987 0 0 0
4305683992 0 0 0
4305683997 0 0 0
4305684002 0 0 0
4305684007 0 0 0
4305684012 0 0 0
4305684017 0 0 0
4305684022 0 0 0
4305684027 0 0 0
4305684032 0 0 0
4305684037 0 0 0
4305684042 0 0 0
4305684047 0 0 0
4305684052 0 0 0
4305684057 0 0 0
4305684062 481 0 1
4305684067 1551 0 1
4305684072 373 0 0
4305684077 0 0 0
4305684082 0 0 0
4305684087 0 0 0
4305684092 0 0 0
4305684097 0 0 0
4305684102 0 0 0
4305684107 0 0 0
4305684112 0 0 0
4305684117 0 0 0
4305684122 0 0 0
4305684127 0 0 0
4305684132 0 0 0
4305684137 0 0 0
4305684142 0 0 0
4305684147 0 0 0
4305684152 0 0 0
4305684157 0 0 0
4305684162 0 0 0
4305684167 0 0 0
4305684172 0 0 0
4305684177 0 0 0
4305684182 0 0 0
4305684187 0 0 0
4305684192 0 0 0
4305684197 0 0 0
4305684202 0 0 0
4305684207 0 0 0
4305684212 0 0 0
4305684217 0 0 0
4305684222 0 0 0
4305684227 0 0 0
4305684232 0 0 0
4305684237 0 0 0
4305684242 0 0 0
4305684247 0 0 0
4305684252 0 0 0
4305684257 0 0 0
4305684262 0 0 0
4305684267 0 0 0
4305684272 0 0 0
4305684277 0 0 0
4305684282 0 0 0
4305684287 0 0 0
4305684292 0 0 0
4305684297 0 0 0
4305684302 0 0 0
4305684307 0 0 0
4305684312 0 0 0
4305684317 1086 0 3
4305684322 904 0 1
4305684327 0 0 0
4305684332 0 0 0
4305684337 0 0 0
4305684342 0 0 0
4305684347 0 0 0
4305684352 0 0 0
4305684357 0 0 0
4305684362 0 0 0
4305684367 0 0 0
4305684372 0 0 0
4305684377 0 0 0
4305684382 0 0 0
4305684387 0 0 0
4305684392 0 0 0
4305684397 0 0 0
4305684402 0 0 0
4305684407 0 0 0
4305684412 0 0 0
4305684417 0 0 0
4305684422 0 0 0
4305684427 0 0 0
4305684432 0 0 0
4305684437 0 0 0
4305684442 0 0 0
4305684447 0 0 0
4305684452 0 0 0
4305684457 0 0 0
4305684462 0 0 0
4305684467 0 0 0
4305684472 0 0 0
4305684477 0 0 0
4305684482 0 0 0
4305684487 0 0 0
4305684492 0 0 0
4305684497 0 0 0
4305684502 0 0 0
4305684507 0 0 0
4305684512 0 0 0
4305684517 0 0 0
4305684522 0 0 0
4305684527 0 0 0
4305684532 0 0 0
4305684537 0 0 0
4305684542 0 0 0
4305684547 0 0 0
4305684552 0 0 0
4305684557 0 0 0
4305684562 0 0 0
4305684567 694 0 0
4305684572 1041 0 1
4305684577 0 0 0
4305684582 0 0 0
4305684587 0 0 0
4305684592 0 0 0
4305684597 0 0 0
4305684602 0 0 0
4305684607 0 0 0
4305684612 0 0 0
4305684617 0 0 0
4305684622 0 0 0
4305684627 0 0 0
4305684632 0 0 0
4305684637 0 0 0
4305684642 0 0 0
4305684647 0 0 0
4305684652 0 0 0
4305684657 0 0 0
4305684662 0 0 0
4305684667 0 0 0
4305684672 0 0 0
4305684677 0 0 0
4305684682 0 0 0
4305684687 0 0 0
4305684692 0 0 0
4305684697 0 0 0
4305684702 0 0 0
4305684707 0 0 0
4305684712 0 0 0
4305684717 0 0 0
4305684722 0 0 0
4305684727 0 0 0
4305684732 0 0 0
4305684737 0 0 0
4305684742 0 0 0
4305684747 0 0 0
4305684752 0 0 0
4305684757 0 0 0
4305684762 0 0 0
4305684767 0 0 0
4305684772 0 0 0
4305684777 0 0 0
4305684782 0 0 0
4305684787 0 0 0
4305684792 0 0 0
4305684797 0 0 0
4305684802 0 0 0
4305684807 0 0 0
4305684812 0 0 0
4305684817 498 0 1
4305684822 747 0 2
4305684827 0 0 0
4305684832 0 0 0
4305684837 0 0 0
4305684842 0 0 0
4305684847 0 0 0
4305684852 0 0 0
4305684857 0 0 0
4305684862 0 0 0
4305684867 0 0 0
4305684872 0 0 0
4305684877 0 0 0
4305684882 0 0 0
4305684887 0 0 0
4305684892 0 0 0
4305684897 0 0 0
4305684902 0 0 0
4305684907 0 0 0
4305684912 0 0 0
4305684917 0 0 0
4305684922 0 0 0
4305684927 0 0 0
4305684932 0 0 0
4305684937 0 0 0
4305684942 0 0 0
4305684947 0 0 0
4305684952 0 0 0
4305684957 0 0 0
4305684962 0 0 0
4305684967 0 0 0
4305684972 0 0 0
4305684977 0 0 0
4305684982 0 0 0
4305684987 0 0 0
4305684992 0 0 0
4305684997 0 0 0
4305685002 0 0 0
4305685007 0 0 0
4305685012 0 0 0
4305685017 0 0 0
4305685022 0 0 0
4305685027 0 0 0
4305685032 0 0 0
4305685037 0 0 0
4305685042 0 0 0
4305685047 0 0 0
4305685052 0 0 0
4305685057 0 0 0
4305685062 0 0 0
4305685067 474 0 0
4305685072 711 0 1
4305685077 0 0 0
4305685082 0 0 0
4305685087 0 0 0
4305685092 0 0 0
4305685097 0 0 0
4305685102 0 0 0
4305685107 0 0 0
4305685112 0 0 0
4305685117 0 0 0
4305685122 0 0 0
4305685127 0 0 0
4305685132 0 0 0
4305685137 0 0 0
4305685142 0 0 0
4305685147 0 0 0
4305685152 0 0 0
4305685157 0 0 0
4305685162 0 0 0
4305685167 0 0 0
4305685172 0 0 0
4305685177 0 0 0
4305685182 0 0 0
4305685187 0 0 0
4305685192 0 0 0
4305685197 0 0 0
4305685202 0 0 0
4305685207 0 0 0
4305685212 0 0 0
4305685217 0 0 0
4305685222 0 0 0
4305685227 0 0 0
4305685232 0 0 0
4305685237 0 0 0
4305685242 0 0 0
4305685247 0 0 0
4305685252 0 0 0
4305685257 0 0 0
4305685262 0 0 0
4305685267 0 0 0
4305685272 0 0 0
4305685277 0 0 0
4305685282 0 0 0
4305685287 0 0 0
4305685292 0 0 0
4305685297 0 0 0
4305685302 0 0 0
4305685307 0 0 0
4305685312 0 0 0
4305685318 0 0 7
4305685323 0 0 9
read 1006 profiled data
