output_filename is output-11:13:56. Check that after the program finished.
try to open the char dev - node file..
21513774095 26563 0 11
43027548240 37246 0 19
55935812777 43823 0 18
55935812842 15042 0 4
55935812907 0 0 0
55935812972 0 0 0
55935813037 0 0 0
55935813102 0 0 0
55935813167 0 0 0
55935813232 0 0 0
55935813297 0 0 0
55935813362 0 0 0
55935813427 0 0 0
55935813492 0 0 0
55935813557 0 0 0
55935813622 0 0 0
55935813687 0 0 0
55935813752 0 0 0
55935813817 0 0 0
55935813882 0 0 0
55935813947 0 0 0
55935814012 0 0 0
55935814077 0 0 0
55935814142 0 0 0
55935814207 0 0 0
55935814272 0 0 0
55935814337 0 0 0
55935814402 0 0 0
55935814467 0 0 0
55935814532 0 0 0
55935814597 0 0 0
55935814662 0 0 0
55935814727 0 0 0
55935814792 0 0 0
55935814857 0 0 0
55935814922 0 0 0
55935814987 0 0 0
55935815052 0 0 0
55935815117 0 0 0
55935815182 0 0 0
55935815247 0 0 0
55935815312 0 0 0
55935815377 0 0 0
55935815442 0 0 0
55935815507 0 0 0
55935815572 0 0 0
55935815637 0 0 0
55935815702 0 0 0
55935815767 0 0 0
55935815832 0 0 0
55935815923 13376 0 6
55935815988 13570 0 5
55935816053 37808 0 13
55935816118 28453 0 10
55935816183 3811 0 1
55935816248 0 0 0
55935816313 0 0 0
55935816378 0 0 0
55935816443 0 0 0
55935816508 0 0 0
55935816573 0 0 0
55935816638 0 0 0
55935816703 0 0 0
55935816768 0 0 0
55935816833 0 0 0
55935816898 0 0 0
55935816963 0 0 0
55935817028 0 0 0
55935817093 0 0 0
55935817158 0 0 0
55935817223 0 0 0
55935817288 0 0 0
55935817353 0 0 0
55935817418 0 0 0
55935817483 0 0 0
55935817548 0 0 0
55935817613 0 0 0
55935817678 0 0 0
55935817743 0 0 0
55935817808 0 0 0
55935817873 0 0 0
55935817938 0 0 0
55935818003 0 0 0
55935818068 0 0 0
55935818133 0 0 0
55935818198 0 0 0
55935818263 0 0 0
55935818328 0 0 0
55935818393 0 0 0
55935818458 0 0 0
55935818523 0 0 0
55935818588 0 0 0
55935818653 0 0 0
55935818718 0 0 0
55935818783 0 0 0
55935818848 0 0 0
55935818913 0 0 0
55935818978 0 0 0
55935819043 0 0 0
55935819108 0 0 0
55935819173 0 0 0
55935819238 17198 0 7
55935819303 14062 0 6
55935819368 26374 0 10
55935819433 20977 0 8
55935819498 0 0 0
55935819563 0 0 0
55935819628 0 0 0
55935819693 0 0 0
55935819758 0 0 0
55935819823 0 0 0
55935819888 0 0 0
55935819953 0 0 0
55935820018 0 0 0
55935820083 0 0 0
55935820148 0 0 0
55935820213 0 0 0
55935820278 0 0 0
55935820343 0 0 0
55935820408 0 0 0
55935820473 0 0 0
55935820538 0 0 0
55935820603 0 0 0
55935820668 0 0 0
55935820733 0 0 0
55935820798 0 0 0
55935820863 0 0 0
55935820928 0 0 0
55935820993 0 0 0
55935821058 0 0 0
55935821123 0 0 0
55935821188 0 0 0
55935821253 0 0 0
55935821318 0 0 0
55935821383 0 0 0
55935821448 0 0 0
55935821513 0 0 0
55935821578 0 0 0
55935821643 0 0 0
55935821708 0 0 0
55935821773 0 0 0
55935821838 0 0 0
55935821903 0 0 0
55935821968 0 0 0
55935822033 0 0 0
55935822098 0 0 0
55935822163 0 0 0
55935822228 0 0 0
55935822293 0 0 0
55935822358 0 0 0
55935822423 0 0 0
55935822488 10110 0 4
55935822553 5808 0 3
55935822618 22954 0 9
55935822683 22642 0 8
55935822748 6825 0 1
55935822813 0 0 0
55935822878 0 0 0
55935822943 0 0 0
55935823008 0 0 0
55935823073 0 0 0
55935823138 0 0 0
55935823203 0 0 0
55935823268 0 0 0
55935823333 0 0 0
55935823398 0 0 0
55935823463 0 0 0
55935823528 0 0 0
55935823593 0 0 0
55935823658 0 0 0
55935823723 0 0 0
55935823788 0 0 0
55935823853 0 0 0
55935823918 0 0 0
55935823983 0 0 0
55935824048 0 0 0
55935824113 0 0 0
55935824178 0 0 0
55935824243 0 0 0
55935824308 0 0 0
55935824373 0 0 0
55935824438 0 0 0
55935824503 0 0 0
55935824568 0 0 0
55935824633 0 0 0
55935824698 0 0 0
55935824763 0 0 0
55935824828 0 0 0
55935824893 0 0 0
55935824958 0 0 0
55935825023 0 0 0
55935825088 0 0 0
55935825153 0 0 0
55935825218 0 0 0
55935825283 0 0 0
55935825348 0 0 0
55935825413 0 0 0
55935825478 0 0 0
55935825543 0 0 0
55935825608 0 0 0
55935825673 0 0 0
55935825738 2104 0 1
55935825803 10196 0 3
55935825868 12845 0 6
55935825946 17117 0 6
55935826011 11038 0 3
55935826076 0 0 0
55935826141 0 0 0
55935826206 0 0 0
55935826271 0 0 0
55935826336 0 0 0
55935826401 0 0 0
55935826466 0 0 0
55935826531 0 0 0
55935826596 0 0 0
55935826661 0 0 0
55935826726 0 0 0
55935826791 0 0 0
55935826856 0 0 0
55935826921 0 0 0
55935826986 0 0 0
55935827051 0 0 0
55935827116 0 0 0
55935827181 0 0 0
55935827246 0 0 0
55935827311 0 0 0
55935827376 0 0 0
55935827441 0 0 0
55935827506 0 0 0
55935827571 0 0 0
55935827636 0 0 0
55935827701 0 0 0
55935827766 0 0 0
55935827831 0 0 0
55935827896 0 0 0
55935827961 0 0 0
55935828026 0 0 0
55935828091 0 0 0
55935828156 0 0 0
55935828221 0 0 0
55935828286 0 0 0
55935828351 0 0 0
55935828416 0 0 0
55935828481 0 0 0
55935828546 0 0 0
55935828611 0 0 0
55935828676 0 0 0
55935828741 0 0 0
55935828806 0 0 0
55935828871 0 0 0
55935828936 0 0 0
55935829001 431 0 1
55935829066 9883 0 4
55935829131 7318 0 4
55935829209 15705 0 7
55935829274 11357 0 5
55935829339 0 0 0
55935829404 0 0 0
55935829469 0 0 0
55935829534 0 0 0
55935829599 0 0 0
55935829664 0 0 0
55935829729 0 0 0
55935829794 0 0 0
55935829859 0 0 0
55935829924 0 0 0
55935829989 0 0 0
55935830054 0 0 0
55935830119 0 0 0
55935830184 0 0 0
55935830249 0 0 0
55935830314 0 0 0
55935830379 0 0 0
55935830444 0 0 0
55935830509 0 0 0
55935830574 0 0 0
55935830639 0 0 0
55935830704 0 0 0
55935830769 0 0 0
55935830834 0 0 0
55935830899 0 0 0
55935830964 0 0 0
55935831029 0 0 0
55935831094 0 0 0
55935831159 0 0 0
55935831224 0 0 0
55935831289 0 0 0
55935831354 0 0 0
55935831419 0 0 0
55935831484 0 0 0
55935831549 0 0 0
55935831614 0 0 0
55935831679 0 0 0
55935831744 0 0 0
55935831809 0 0 0
55935831874 0 0 0
55935831939 0 0 0
55935832004 0 0 0
55935832069 0 0 0
55935832134 0 0 0
55935832199 0 0 0
55935832264 0 0 0
55935832329 8421 0 3
55935832394 3824 0 3
55935832459 10249 0 3
55935832524 13997 0 7
55935832589 0 0 0
55935832654 0 0 0
55935832719 0 0 0
55935832784 0 0 0
55935832849 0 0 0
55935832914 0 0 0
55935832979 0 0 0
55935833044 0 0 0
55935833109 0 0 0
55935833174 0 0 0
55935833239 0 0 0
55935833304 0 0 0
55935833369 0 0 0
55935833434 0 0 0
55935833499 0 0 0
55935833564 0 0 0
55935833629 0 0 0
55935833694 0 0 0
55935833759 0 0 0
55935833824 0 0 0
55935833889 0 0 0
55935833954 0 0 0
55935834019 0 0 0
55935834084 0 0 0
55935834149 0 0 0
55935834214 0 0 0
55935834279 0 0 0
55935834344 0 0 0
55935834409 0 0 0
55935834474 0 0 0
55935834539 0 0 0
55935834604 0 0 0
55935834669 0 0 0
55935834734 0 0 0
55935834799 0 0 0
55935834864 0 0 0
55935834929 0 0 0
55935834994 0 0 0
55935835059 0 0 0
55935835124 0 0 0
55935835189 0 0 0
55935835254 0 0 0
55935835319 0 0 0
55935835384 0 0 0
55935835449 0 0 0
55935835514 0 0 0
55935835579 5433 0 3
55935835644 3827 0 1
55935835709 9260 0 4
55935835774 11575 0 5
55935835839 0 0 0
55935835904 0 0 0
55935835969 0 0 0
55935836034 0 0 0
55935836099 0 0 0
55935836164 0 0 0
55935836229 0 0 0
55935836294 0 0 0
55935836359 0 0 0
55935836424 0 0 0
55935836489 0 0 0
55935836554 0 0 0
55935836619 0 0 0
55935836684 0 0 0
55935836749 0 0 0
55935836814 0 0 0
55935836879 0 0 0
55935836944 0 0 0
55935837009 0 0 0
55935837074 0 0 0
55935837139 0 0 0
55935837204 0 0 0
55935837269 0 0 0
55935837334 0 0 0
55935837399 0 0 0
55935837464 0 0 0
55935837529 0 0 0
55935837594 0 0 0
55935837659 0 0 0
55935837724 0 0 0
55935837789 0 0 0
55935837854 0 0 0
55935837919 0 0 0
55935837984 0 0 0
55935838049 0 0 0
55935838114 0 0 0
55935838179 0 0 0
55935838244 0 0 0
55935838309 0 0 0
55935838374 0 0 0
55935838439 0 0 0
55935838504 0 0 0
55935838569 0 0 0
55935838634 0 0 0
55935838699 0 0 0
55935838764 0 0 0
55935838829 3748 0 2
55935838894 1874 0 1
55935838959 9370 0 5
55935839024 7732 0 5
55935839089 1638 0 0
55935839154 0 0 0
55935839219 0 0 0
55935839284 0 0 0
55935839349 0 0 0
55935839414 0 0 0
55935839479 0 0 0
55935839544 0 0 0
55935839609 0 0 0
55935839674 0 0 0
55935839739 0 0 0
55935839804 0 0 0
55935839869 0 0 0
55935839934 0 0 0
55935839999 0 0 0
55935840064 0 0 0
55935840129 0 0 0
55935840194 0 0 0
55935840259 0 0 0
55935840324 0 0 0
55935840389 0 0 0
55935840454 0 0 0
55935840519 0 0 0
55935840584 0 0 0
55935840649 0 0 0
55935840714 0 0 0
55935840779 0 0 0
55935840844 0 0 0
55935840909 0 0 0
55935840974 0 0 0
55935841039 0 0 0
55935841104 0 0 0
55935841169 0 0 0
55935841234 0 0 0
55935841299 0 0 0
55935841364 0 0 0
55935841429 0 0 0
55935841494 0 0 0
55935841559 0 0 0
55935841624 0 0 0
55935841689 0 0 0
55935841754 0 0 0
55935841819 0 0 0
55935841884 0 0 0
55935841949 0 0 0
55935842014 0 0 0
55935842079 3204 0 2
55935842144 1602 0 1
55935842209 6682 0 5
55935842274 5720 0 2
55935842339 3618 0 3
55935842404 0 0 0
55935842469 0 0 0
55935842534 0 0 0
55935842599 0 0 0
55935842664 0 0 0
55935842729 0 0 0
55935842794 0 0 0
55935842859 0 0 0
55935842924 0 0 0
55935842989 0 0 0
55935843054 0 0 0
55935843119 0 0 0
55935843184 0 0 0
55935843249 0 0 0
55935843314 0 0 0
55935843379 0 0 0
55935843444 0 0 0
55935843509 0 0 0
55935843574 0 0 0
55935843639 0 0 0
55935843704 0 0 0
55935843769 0 0 0
55935843834 0 0 0
55935843899 0 0 0
55935843964 0 0 0
55935844029 0 0 0
55935844094 0 0 0
55935844159 0 0 0
55935844224 0 0 0
55935844289 0 0 0
55935844354 0 0 0
55935844419 0 0 0
55935844484 0 0 0
55935844549 0 0 0
55935844614 0 0 0
55935844679 0 0 0
55935844744 0 0 0
55935844809 0 0 0
55935844874 0 0 0
55935844939 0 0 0
55935845004 0 0 0
55935845069 0 0 0
55935845134 0 0 0
55935845199 0 0 0
55935845264 0 0 0
55935845329 782 0 1
55935845394 2974 0 2
55935845459 4789 0 4
55935845524 2551 0 2
55935845589 5180 0 3
55935845654 0 0 0
55935845719 0 0 0
55935845784 0 0 0
55935845849 0 0 0
55935845914 0 0 0
55935845979 0 0 0
55935846044 0 0 0
55935846109 0 0 0
55935846174 0 0 0
55935846239 0 0 0
55935846304 0 0 0
55935846369 0 0 0
55935846434 0 0 0
55935846499 0 0 0
55935846564 0 0 0
55935846629 0 0 0
55935846694 0 0 0
55935846759 0 0 0
55935846824 0 0 0
55935846889 0 0 0
55935846954 0 0 0
55935847019 0 0 0
55935847084 0 0 0
55935847149 0 0 0
55935847214 0 0 0
55935847279 0 0 0
55935847344 0 0 0
55935847409 0 0 0
55935847474 0 0 0
55935847539 0 0 0
55935847604 0 0 0
55935847669 0 0 0
55935847734 0 0 0
55935847799 0 0 0
55935847864 0 0 0
55935847929 0 0 0
55935847994 0 0 0
55935848059 0 0 0
55935848124 0 0 0
55935848189 0 0 0
55935848254 0 0 0
55935848319 0 0 0
55935848384 0 0 0
55935848449 0 0 0
55935848514 0 0 0
55935848579 0 0 0
55935848644 2946 0 2
55935848709 1157 0 0
55935848774 3753 0 2
55935848839 4910 0 2
55935848904 0 0 0
55935848969 0 0 0
55935849034 0 0 0
55935849099 0 0 0
55935849164 0 0 0
55935849229 0 0 0
55935849294 0 0 0
55935849359 0 0 0
55935849424 0 0 0
55935849489 0 0 0
55935849554 0 0 0
55935849632 0 0 0
55935849697 0 0 0
55935849762 0 0 0
55935849827 0 0 0
55935849892 0 0 0
55935849957 0 0 0
55935850022 0 0 0
55935850087 0 0 0
55935850152 0 0 0
55935850217 0 0 0
55935850282 0 0 0
55935850347 0 0 0
55935850412 0 0 0
55935850477 0 0 0
55935850542 0 0 0
55935850607 0 0 0
55935850672 0 0 0
55935850737 0 0 0
55935850802 0 0 0
55935850867 0 0 0
55935850932 0 0 0
55935850997 0 0 0
55935851062 0 0 0
55935851127 0 0 0
55935851192 0 0 0
55935851257 0 0 0
55935851322 0 0 0
55935851387 0 0 0
55935851452 0 0 0
55935851517 0 0 0
55935851582 0 0 0
55935851647 0 0 0
55935851712 0 0 0
55935851777 0 0 0
55935851842 0 0 0
55935851907 2691 0 3
55935851972 1785 0 3
55935852037 2929 0 3
55935852102 4256 0 4
55935852167 0 0 0
55935852232 0 0 0
55935852297 0 0 0
55935852362 0 0 0
55935852427 0 0 0
55935852492 0 0 0
55935852557 0 0 0
55935852622 0 0 0
55935852687 0 0 0
55935852752 0 0 0
55935852817 0 0 0
55935852882 0 0 0
55935852947 0 0 0
55935853012 0 0 0
55935853077 0 0 0
55935853142 0 0 0
55935853207 0 0 0
55935853272 0 0 0
55935853337 0 0 0
55935853402 0 0 0
55935853467 0 0 0
55935853532 0 0 0
55935853597 0 0 0
55935853662 0 0 0
55935853727 0 0 0
55935853792 0 0 0
55935853857 0 0 0
55935853922 0 0 0
55935853987 0 0 0
55935854052 0 0 0
55935854117 0 0 0
55935854182 0 0 0
55935854247 0 0 0
55935854312 0 0 0
55935854377 0 0 0
55935854442 0 0 0
55935854507 0 0 0
55935854572 0 0 0
55935854637 0 0 0
55935854702 0 0 0
55935854767 0 0 0
55935854832 0 0 0
55935854897 0 0 0
55935854962 0 0 0
55935855027 0 0 0
55935855092 0 0 0
55935855157 2163 0 2
55935855222 721 0 1
55935855287 2884 0 4
55935855352 3605 0 5
55935855417 0 0 0
55935855482 0 0 0
55935855547 0 0 0
55935855612 0 0 0
55935855677 0 0 0
55935855742 0 0 0
55935855807 0 0 0
55935855872 0 0 0
55935855937 0 0 0
55935856002 0 0 0
55935856067 0 0 0
55935856132 0 0 0
55935856197 0 0 0
55935856262 0 0 0
55935856327 0 0 0
55935856392 0 0 0
55935856457 0 0 0
55935856522 0 0 0
55935856587 0 0 0
55935856652 0 0 0
55935856717 0 0 0
55935856782 0 0 0
55935856847 0 0 0
55935856912 0 0 0
55935856977 0 0 0
55935857042 0 0 0
55935857107 0 0 0
55935857172 0 0 0
55935857237 0 0 0
55935857302 0 0 0
55935857367 0 0 0
55935857432 0 0 0
55935857497 0 0 0
55935857562 0 0 0
55935857627 0 0 0
55935857692 0 0 0
55935857757 0 0 0
55935857822 0 0 0
55935857887 0 0 0
55935857952 0 0 0
55935858017 0 0 0
55935858082 0 0 0
55935858147 0 0 0
55935858212 0 0 0
55935858277 0 0 0
55935858342 0 0 0
55935858407 1450 0 2
55935858472 523 0 1
55935858537 2995 0 3
55935858602 3105 0 5
55935858667 0 0 0
55935858732 0 0 0
55935858797 0 0 0
55935858862 0 0 0
55935858927 0 0 0
55935858992 0 0 0
55935859057 0 0 0
55935859122 0 0 0
55935859187 0 0 0
55935859252 0 0 0
55935859317 0 0 0
55935859382 0 0 0
55935859447 0 0 0
55935859512 0 0 0
55935859577 0 0 0
55935859642 0 0 0
55935859707 0 0 0
55935859772 0 0 0
55935859837 0 0 0
55935859902 0 0 0
55935859967 0 0 0
55935860032 0 0 0
55935860097 0 0 0
55935860162 0 0 0
55935860227 0 0 0
55935860292 0 0 0
55935860357 0 0 0
55935860422 0 0 0
55935860487 0 0 0
55935860552 0 0 0
55935860617 0 0 0
55935860682 0 0 0
55935860747 0 0 0
55935860812 0 0 0
55935860877 0 0 0
55935860942 0 0 0
55935861007 0 0 0
55935861072 0 0 0
55935861137 0 0 0
55935861202 0 0 0
55935861267 0 0 0
55935861332 0 0 0
55935861397 0 0 0
55935861462 0 0 0
55935861527 0 0 0
55935861592 0 0 0
55935861657 962 0 0
55935861722 481 0 1
55935861787 2405 0 3
55935861852 1667 0 1
55935861917 738 0 0
55935861982 0 0 0
55935862047 0 0 0
55935862112 0 0 0
55935862177 0 0 0
55935862242 0 0 0
55935862307 0 0 0
55935862372 0 0 0
55935862437 0 0 0
55935862502 0 0 0
55935862567 0 0 0
55935862632 0 0 0
55935862697 0 0 0
55935862762 0 0 0
55935862827 0 0 0
55935862892 0 0 0
55935862957 0 0 0
55935863022 0 0 0
55935863087 0 0 0
55935863152 0 0 0
55935863217 0 0 0
55935863282 0 0 0
55935863347 0 0 0
55935863412 0 0 0
55935863477 0 0 0
55935863542 0 0 0
55935863607 0 0 0
55935863672 0 0 0
55935863737 0 0 0
55935863802 0 0 0
55935863867 0 0 0
55935863932 0 0 0
55935863997 0 0 0
55935864062 0 0 0
55935864127 0 0 0
55935864192 0 0 0
55935864257 0 0 0
55935864322 0 0 0
55935864387 0 0 0
55935864452 0 0 0
55935864517 0 0 0
55935864582 0 0 0
55935864647 0 0 0
55935864712 0 0 0
55935864777 0 0 0
55935864842 0 0 0
55935864907 796 0 1
55935864972 398 0 0
55935865037 1990 0 2
55935865102 901 0 2
55935865167 1089 0 2
55935865232 0 0 0
55935865297 0 0 0
55935865362 0 0 0
55935865427 0 0 0
55935865492 0 0 0
55935865557 0 0 0
55935865622 0 0 0
55935865687 0 0 0
55935865752 0 0 0
55935865817 0 0 0
55935865882 0 0 0
55935865947 0 0 0
55935866012 0 0 0
55935866077 0 0 0
55935866142 0 0 0
55935866207 0 0 0
55935866272 0 0 0
55935866337 0 0 0
55935866402 0 0 0
55935866467 0 0 0
55935866532 0 0 0
55935866597 0 0 0
55935866662 0 0 0
55935866727 0 0 0
55935866792 0 0 0
55935866857 0 0 0
55935866922 0 0 0
55935866987 0 0 0
55935867052 0 0 0
55935867117 0 0 0
55935867182 0 0 0
55935867247 0 0 0
55935867312 0 0 0
55935867377 0 0 0
55935867442 0 0 0
55935867507 0 0 0
55935867572 0 0 0
55935867637 0 0 0
55935867702 0 0 0
55935867767 0 0 0
55935867832 0 0 0
55935867897 0 0 0
55935867962 0 0 0
55935868027 0 0 0
55935868092 0 0 0
55935868157 694 0 2
55935868235 347 0 1
55935868313 1735 0 1
55935868378 1735 0 0
55935868443 0 0 0
55935868508 0 0 0
55935868573 0 0 0
55935868638 0 0 0
55935868703 0 0 0
55935868768 0 0 0
55935868833 0 0 0
55935868898 0 0 0
55935868963 0 0 0
55935869028 0 0 0
55935869093 0 0 0
55935869158 0 0 0
55935869223 0 0 0
55935869288 0 0 0
55935869353 0 0 0
55935869418 0 0 0
55935869483 0 0 0
55935869548 0 0 0
55935869613 0 0 0
55935869678 0 0 0
55935869743 0 0 0
55935869808 0 0 0
55935869873 0 0 0
55935869938 0 0 0
55935870003 0 0 0
55935870068 0 0 0
55935870133 0 0 0
55935870198 0 0 0
55935870263 0 0 0
55935870328 0 0 0
55935870393 0 0 0
55935870458 0 0 0
55935870523 0 0 0
55935870588 0 0 0
55935870653 0 0 0
55935870718 0 0 0
55935870783 0 0 0
55935870848 0 0 0
55935870913 0 0 0
55935870978 0 0 0
55935871043 0 0 0
55935871108 0 0 0
55935871173 0 0 0
55935871238 0 0 0
55935871303 0 0 0
55935871368 0 0 0
55935871433 498 0 0
55935871498 249 0 0
55935871563 1245 0 4
55935871628 1067 0 2
55935871693 178 0 0
55935871758 0 0 0
55935871823 0 0 0
55935871888 0 0 0
55935871953 0 0 0
55935872018 0 0 0
55935872083 0 0 0
55935872148 0 0 0
55935872213 0 0 0
55935872278 0 0 0
55935872343 0 0 0
55935872408 0 0 0
55935872473 0 0 0
55935872538 0 0 0
55935872603 0 0 0
55935872668 0 0 0
55935872733 0 0 0
55935872798 0 0 0
55935872863 0 0 0
55935872928 0 0 0
55935872993 0 0 0
55935873058 0 0 0
55935873123 0 0 0
55935873188 0 0 0
55935873253 0 0 0
55935873318 0 0 0
55935873383 0 0 0
55935873448 0 0 0
55935873513 0 0 0
55935873578 0 0 0
55935873643 0 0 0
55935873708 0 0 0
55935873773 0 0 0
55935873838 0 0 0
55935873903 0 0 0
55935873968 0 0 0
55935874033 0 0 0
55935874098 0 0 0
55935874163 0 0 0
55935874228 0 0 0
55935874293 0 0 0
55935874358 0 0 0
55935874423 0 0 0
55935874488 0 0 0
55935874553 0 0 0
55935874618 0 0 0
55935874683 474 0 2
55935874748 237 0 1
55935874813 1185 0 3
55935874878 664 0 2
55935874943 521 0 1
55935875008 0 0 0
55935875073 0 0 0
55935875138 0 0 0
55935875203 0 0 0
55935875268 0 0 0
55935875333 0 0 0
55935875398 0 0 0
55935875463 0 0 0
55935875528 0 0 0
55935875593 0 0 0
55935875658 0 0 0
55935875723 0 0 0
55935875788 0 0 0
55935875853 0 0 0
55935875918 0 0 0
55935875983 0 0 0
55935876048 0 0 0
55935876113 0 0 0
55935876178 0 0 0
55935876243 0 0 0
55935876308 0 0 0
55935876373 0 0 0
55935876438 0 0 0
55935876503 0 0 0
55935876568 0 0 0
55935876633 0 0 0
55935876698 0 0 0
55935876763 0 0 0
55935876828 0 0 0
55935876893 0 0 0
55935876958 0 0 0
55935877023 0 0 0
55935877088 0 0 0
55935877153 0 0 0
55935877218 0 0 0
55935877283 0 0 0
55935877348 0 0 0
55935877413 0 0 0
55935877478 0 0 0
55935877543 0 0 0
55935877608 0 0 0
55935877673 0 0 0
55935877738 0 0 0
55935877803 0 0 0
55935877868 0 0 0
55935877959 0 0 8
43027598480 0 0 1
43027598530 1 0 14
34422078864 3 0 16
8605519726 0 0 6
read 1008 profiled data
