output_filename is output-11:13:35. Check that after the program finished.
try to open the char dev - node file..
21513748830 22445 0 12
47330247481 33141 0 13
51632997312 43341 0 14
51632997372 14313 0 4
51632997432 0 0 0
51632997492 0 0 0
51632997552 0 0 0
51632997612 0 0 0
51632997672 0 0 0
51632997732 0 0 0
51632997792 0 0 0
51632997852 0 0 0
51632997912 0 0 0
51632997972 0 0 0
51632998032 0 0 0
51632998092 0 0 0
51632998152 0 0 0
51632998212 0 0 0
51632998272 0 0 0
51632998332 0 0 0
51632998392 0 0 0
51632998452 0 0 0
51632998512 0 0 0
51632998572 0 0 0
51632998632 0 0 0
51632998692 0 0 0
51632998752 0 0 0
51632998812 0 0 0
51632998872 0 0 0
51632998932 0 0 0
51632998992 0 0 0
51632999052 0 0 0
51632999112 0 0 0
51632999172 0 0 0
51632999232 0 0 0
51632999292 0 0 0
51632999352 0 0 0
51632999412 0 0 0
51632999472 0 0 0
51632999532 0 0 0
51632999592 0 0 0
51632999652 0 0 0
51632999712 0 0 0
51632999772 0 0 0
51632999832 0 0 0
51632999892 0 0 0
51632999952 0 0 0
51633000012 0 0 0
51633000072 0 0 0
51633000132 0 0 0
51633000192 0 0 0
51633000252 7425 0 2
51633000312 27366 0 11
51633000372 47856 0 17
51633000432 6453 0 2
51633000492 0 0 0
51633000552 0 0 0
51633000612 0 0 0
51633000672 0 0 0
51633000732 0 0 0
51633000792 0 0 0
51633000852 0 0 0
51633000912 0 0 0
51633000972 0 0 0
51633001032 0 0 0
51633001092 0 0 0
51633001152 0 0 0
51633001212 0 0 0
51633001272 0 0 0
51633001332 0 0 0
51633001392 0 0 0
51633001452 0 0 0
51633001512 0 0 0
51633001572 0 0 0
51633001632 0 0 0
51633001692 0 0 0
51633001752 0 0 0
51633001812 0 0 0
51633001872 0 0 0
51633001932 0 0 0
51633001992 0 0 0
51633002052 0 0 0
51633002112 0 0 0
51633002172 0 0 0
51633002232 0 0 0
51633002292 0 0 0
51633002352 0 0 0
51633002412 0 0 0
51633002472 0 0 0
51633002532 0 0 0
51633002592 0 0 0
51633002652 0 0 0
51633002712 0 0 0
51633002772 0 0 0
51633002832 0 0 0
51633002892 0 0 0
51633002952 0 0 0
51633003012 0 0 0
51633003072 0 0 0
51633003132 0 0 0
51633003192 0 0 0
51633003264 6047 0 3
51633003324 13183 0 6
51633003384 25317 0 9
51633003444 28017 0 10
51633003504 0 0 0
51633003564 0 0 0
51633003624 0 0 0
51633003684 0 0 0
51633003744 0 0 0
51633003804 0 0 0
51633003864 0 0 0
51633003924 0 0 0
51633003984 0 0 0
51633004044 0 0 0
51633004104 0 0 0
51633004164 0 0 0
51633004224 0 0 0
51633004284 0 0 0
51633004344 0 0 0
51633004404 0 0 0
51633004464 0 0 0
51633004524 0 0 0
51633004584 0 0 0
51633004644 0 0 0
51633004704 0 0 0
51633004764 0 0 0
51633004824 0 0 0
51633004884 0 0 0
51633004944 0 0 0
51633005004 0 0 0
51633005064 0 0 0
51633005124 0 0 0
51633005184 0 0 0
51633005244 0 0 0
51633005304 0 0 0
51633005364 0 0 0
51633005424 0 0 0
51633005484 0 0 0
51633005544 0 0 0
51633005604 0 0 0
51633005664 0 0 0
51633005724 0 0 0
51633005784 0 0 0
51633005844 0 0 0
51633005904 0 0 0
51633005964 0 0 0
51633006024 0 0 0
51633006084 0 0 0
51633006144 0 0 0
51633006204 0 0 0
51633006264 0 0 0
51633006324 7800 0 3
51633006384 17475 0 6
51633006444 32713 0 14
51633006504 2672 0 0
51633006564 0 0 0
51633006624 0 0 0
51633006684 0 0 0
51633006744 0 0 0
51633006804 0 0 0
51633006864 0 0 0
51633006924 0 0 0
51633006984 0 0 0
51633007044 0 0 0
51633007104 0 0 0
51633007164 0 0 0
51633007224 0 0 0
51633007284 0 0 0
51633007344 0 0 0
51633007404 0 0 0
51633007464 0 0 0
51633007524 0 0 0
51633007584 0 0 0
51633007644 0 0 0
51633007704 0 0 0
51633007764 0 0 0
51633007824 0 0 0
51633007884 0 0 0
51633007944 0 0 0
51633008004 0 0 0
51633008064 0 0 0
51633008124 0 0 0
51633008184 0 0 0
51633008244 0 0 0
51633008304 0 0 0
51633008364 0 0 0
51633008424 0 0 0
51633008484 0 0 0
51633008544 0 0 0
51633008604 0 0 0
51633008664 0 0 0
51633008724 0 0 0
51633008784 0 0 0
51633008844 0 0 0
51633008904 0 0 0
51633008964 0 0 0
51633009024 0 0 0
51633009084 0 0 0
51633009144 0 0 0
51633009204 0 0 0
51633009264 0 0 0
51633009324 4100 0 1
51633009396 15346 0 7
51633009456 19229 0 9
51633009516 10525 0 3
51633009576 0 0 0
51633009636 0 0 0
51633009696 0 0 0
51633009756 0 0 0
51633009816 0 0 0
51633009876 0 0 0
51633009936 0 0 0
51633009996 0 0 0
51633010056 0 0 0
51633010116 0 0 0
51633010176 0 0 0
51633010236 0 0 0
51633010296 0 0 0
51633010356 0 0 0
51633010416 0 0 0
51633010476 0 0 0
51633010536 0 0 0
51633010596 0 0 0
51633010656 0 0 0
51633010716 0 0 0
51633010776 0 0 0
51633010836 0 0 0
51633010896 0 0 0
51633010956 0 0 0
51633011016 0 0 0
51633011076 0 0 0
51633011136 0 0 0
51633011196 0 0 0
51633011256 0 0 0
51633011316 0 0 0
51633011376 0 0 0
51633011436 0 0 0
51633011496 0 0 0
51633011556 0 0 0
51633011616 0 0 0
51633011676 0 0 0
51633011736 0 0 0
51633011796 0 0 0
51633011856 0 0 0
51633011916 0 0 0
51633011976 0 0 0
51633012036 0 0 0
51633012096 0 0 0
51633012156 0 0 0
51633012216 0 0 0
51633012276 0 0 0
51633012336 3438 0 2
51633012396 8124 0 4
51633012456 10037 0 5
51633012516 19657 0 11
51633012576 0 0 0
51633012636 0 0 0
51633012696 0 0 0
51633012756 0 0 0
51633012816 0 0 0
51633012876 0 0 0
51633012936 0 0 0
51633012996 0 0 0
51633013056 0 0 0
51633013116 0 0 0
51633013176 0 0 0
51633013236 0 0 0
51633013296 0 0 0
51633013356 0 0 0
51633013416 0 0 0
51633013476 0 0 0
51633013536 0 0 0
51633013596 0 0 0
51633013656 0 0 0
51633013716 0 0 0
51633013776 0 0 0
51633013836 0 0 0
51633013896 0 0 0
51633013956 0 0 0
51633014016 0 0 0
51633014076 0 0 0
51633014136 0 0 0
51633014196 0 0 0
51633014256 0 0 0
51633014316 0 0 0
51633014376 0 0 0
51633014436 0 0 0
51633014496 0 0 0
51633014556 0 0 0
51633014616 0 0 0
51633014676 0 0 0
51633014736 0 0 0
51633014796 0 0 0
51633014856 0 0 0
51633014916 0 0 0
51633014976 0 0 0
51633015036 0 0 0
51633015096 0 0 0
51633015156 0 0 0
51633015216 0 0 0
51633015276 0 0 0
51633015336 2807 0 1
51633015396 4189 0 2
51633015456 7648 0 3
51633015516 18808 0 7
51633015576 232 0 0
51633015636 0 0 0
51633015696 0 0 0
51633015756 0 0 0
51633015816 0 0 0
51633015876 0 0 0
51633015936 0 0 0
51633015996 0 0 0
51633016056 0 0 0
51633016116 0 0 0
51633016176 0 0 0
51633016236 0 0 0
51633016296 0 0 0
51633016356 0 0 0
51633016416 0 0 0
51633016476 0 0 0
51633016536 0 0 0
51633016596 0 0 0
51633016656 0 0 0
51633016716 0 0 0
51633016776 0 0 0
51633016836 0 0 0
51633016896 0 0 0
51633016956 0 0 0
51633017016 0 0 0
51633017076 0 0 0
51633017136 0 0 0
51633017196 0 0 0
51633017256 0 0 0
51633017316 0 0 0
51633017376 0 0 0
51633017436 0 0 0
51633017496 0 0 0
51633017556 0 0 0
51633017616 0 0 0
51633017676 0 0 0
51633017736 0 0 0
51633017796 0 0 0
51633017856 0 0 0
51633017916 0 0 0
51633017976 0 0 0
51633018036 0 0 0
51633018096 0 0 0
51633018156 0 0 0
51633018216 0 0 0
51633018276 0 0 0
51633018336 0 0 0
51633018396 3562 0 2
51633018456 8013 0 3
51633018516 12130 0 6
51633018576 4075 0 1
51633018636 0 0 0
51633018696 0 0 0
51633018756 0 0 0
51633018816 0 0 0
51633018876 0 0 0
51633018936 0 0 0
51633018996 0 0 0
51633019056 0 0 0
51633019116 0 0 0
51633019176 0 0 0
51633019236 0 0 0
51633019296 0 0 0
51633019356 0 0 0
51633019416 0 0 0
51633019476 0 0 0
51633019536 0 0 0
51633019596 0 0 0
51633019656 0 0 0
51633019716 0 0 0
51633019776 0 0 0
51633019836 0 0 0
51633019896 0 0 0
51633019956 0 0 0
51633020016 0 0 0
51633020076 0 0 0
51633020136 0 0 0
51633020196 0 0 0
51633020256 0 0 0
51633020316 0 0 0
51633020376 0 0 0
51633020436 0 0 0
51633020496 0 0 0
51633020556 0 0 0
51633020616 0 0 0
51633020676 0 0 0
51633020736 0 0 0
51633020796 0 0 0
51633020856 0 0 0
51633020916 0 0 0
51633020976 0 0 0
51633021036 0 0 0
51633021096 0 0 0
51633021156 0 0 0
51633021216 0 0 0
51633021276 0 0 0
51633021336 0 0 0
51633021396 1874 0 1
51633021456 6743 0 4
51633021516 9731 0 4
51633021576 4140 0 1
51633021636 0 0 0
51633021696 0 0 0
51633021756 0 0 0
51633021816 0 0 0
51633021876 0 0 0
51633021936 0 0 0
51633021996 0 0 0
51633022056 0 0 0
51633022116 0 0 0
51633022176 0 0 0
51633022236 0 0 0
51633022296 0 0 0
51633022356 0 0 0
51633022416 0 0 0
51633022476 0 0 0
51633022536 0 0 0
51633022596 0 0 0
51633022656 0 0 0
51633022716 0 0 0
51633022776 0 0 0
51633022836 0 0 0
51633022896 0 0 0
51633022956 0 0 0
51633023016 0 0 0
51633023076 0 0 0
51633023136 0 0 0
51633023196 0 0 0
51633023256 0 0 0
51633023316 0 0 0
51633023376 0 0 0
51633023436 0 0 0
51633023496 0 0 0
51633023556 0 0 0
51633023616 0 0 0
51633023676 0 0 0
51633023736 0 0 0
51633023796 0 0 0
51633023856 0 0 0
51633023916 0 0 0
51633023976 0 0 0
51633024036 0 0 0
51633024096 0 0 0
51633024156 0 0 0
51633024216 0 0 0
51633024276 0 0 0
51633024336 0 0 0
51633024396 1602 0 1
51633024456 4574 0 3
51633024516 3951 0 2
51633024576 9097 0 5
51633024636 0 0 0
51633024696 0 0 0
51633024756 0 0 0
51633024816 0 0 0
51633024876 0 0 0
51633024936 0 0 0
51633024996 0 0 0
51633025056 0 0 0
51633025116 0 0 0
51633025176 0 0 0
51633025236 0 0 0
51633025296 0 0 0
51633025356 0 0 0
51633025416 0 0 0
51633025476 0 0 0
51633025536 0 0 0
51633025596 0 0 0
51633025656 0 0 0
51633025716 0 0 0
51633025776 0 0 0
51633025836 0 0 0
51633025896 0 0 0
51633025956 0 0 0
51633026016 0 0 0
51633026076 0 0 0
51633026136 0 0 0
51633026196 0 0 0
51633026256 0 0 0
51633026316 0 0 0
51633026376 0 0 0
51633026436 0 0 0
51633026496 0 0 0
51633026556 0 0 0
51633026616 0 0 0
51633026676 0 0 0
51633026736 0 0 0
51633026796 0 0 0
51633026856 0 0 0
51633026916 0 0 0
51633026976 0 0 0
51633027036 0 0 0
51633027096 0 0 0
51633027156 0 0 0
51633027216 0 0 0
51633027276 0 0 0
51633027336 0 0 0
51633027396 1252 0 1
51633027456 2504 0 2
51633027516 3756 0 3
51633027576 7512 0 5
51633027636 0 0 0
51633027696 0 0 0
51633027756 0 0 0
51633027816 0 0 0
51633027876 0 0 0
51633027936 0 0 0
51633027996 0 0 0
51633028056 0 0 0
51633028116 0 0 0
51633028176 0 0 0
51633028236 0 0 0
51633028296 0 0 0
51633028356 0 0 0
51633028416 0 0 0
51633028476 0 0 0
51633028536 0 0 0
51633028596 0 0 0
51633028656 0 0 0
51633028716 0 0 0
51633028776 0 0 0
51633028836 0 0 0
51633028896 0 0 0
51633028956 0 0 0
51633029016 0 0 0
51633029076 0 0 0
51633029136 0 0 0
51633029196 0 0 0
51633029256 0 0 0
51633029316 0 0 0
51633029376 0 0 0
51633029436 0 0 0
51633029496 0 0 0
51633029556 0 0 0
51633029616 0 0 0
51633029676 0 0 0
51633029736 0 0 0
51633029796 0 0 0
51633029856 0 0 0
51633029916 0 0 0
51633029976 0 0 0
51633030036 0 0 0
51633030096 0 0 0
51633030156 0 0 0
51633030216 0 0 0
51633030276 0 0 0
51633030336 0 0 0
51633030396 982 0 0
51633030456 1964 0 2
51633030516 2702 0 1
51633030576 6136 0 5
51633030636 0 0 0
51633030696 0 0 0
51633030756 0 0 0
51633030816 0 0 0
51633030876 0 0 0
51633030936 0 0 0
51633030996 0 0 0
51633031056 0 0 0
51633031116 0 0 0
51633031176 0 0 0
51633031236 0 0 0
51633031296 0 0 0
51633031356 0 0 0
51633031416 0 0 0
51633031476 0 0 0
51633031536 0 0 0
51633031596 0 0 0
51633031656 0 0 0
51633031716 0 0 0
51633031776 0 0 0
51633031836 0 0 0
51633031896 0 0 0
51633031956 0 0 0
51633032016 0 0 0
51633032076 0 0 0
51633032136 0 0 0
51633032196 0 0 0
51633032256 0 0 0
51633032316 0 0 0
51633032376 0 0 0
51633032436 0 0 0
51633032496 0 0 0
51633032556 0 0 0
51633032616 0 0 0
51633032676 0 0 0
51633032736 0 0 0
51633032796 0 0 0
51633032856 0 0 0
51633032916 0 0 0
51633032976 0 0 0
51633033036 0 0 0
51633033096 0 0 0
51633033156 0 0 0
51633033216 0 0 0
51633033276 0 0 0
51633033336 0 0 0
51633033408 897 0 1
51633033468 1794 0 1
51633033528 2691 0 2
51633033588 5330 0 8
51633033648 52 0 0
51633033708 0 0 0
51633033768 0 0 0
51633033828 0 0 0
51633033888 0 0 0
51633033948 0 0 0
51633034008 0 0 0
51633034068 0 0 0
51633034128 0 0 0
51633034188 0 0 0
51633034248 0 0 0
51633034308 0 0 0
51633034368 0 0 0
51633034428 0 0 0
51633034488 0 0 0
51633034548 0 0 0
51633034608 0 0 0
51633034668 0 0 0
51633034728 0 0 0
51633034788 0 0 0
51633034848 0 0 0
51633034908 0 0 0
51633034968 0 0 0
51633035028 0 0 0
51633035088 0 0 0
51633035148 0 0 0
51633035208 0 0 0
51633035268 0 0 0
51633035328 0 0 0
51633035388 0 0 0
51633035448 0 0 0
51633035508 0 0 0
51633035568 0 0 0
51633035628 0 0 0
51633035688 0 0 0
51633035748 0 0 0
51633035808 0 0 0
51633035868 0 0 0
51633035928 0 0 0
51633035988 0 0 0
51633036048 0 0 0
51633036108 0 0 0
51633036168 0 0 0
51633036228 0 0 0
51633036288 0 0 0
51633036348 0 0 0
51633036408 721 0 1
51633036468 777 0 1
51633036528 2201 0 1
51633036588 2948 0 2
51633036648 2005 0 2
51633036708 0 0 0
51633036768 0 0 0
51633036828 0 0 0
51633036888 0 0 0
51633036948 0 0 0
51633037008 0 0 0
51633037068 0 0 0
51633037128 0 0 0
51633037188 0 0 0
51633037248 0 0 0
51633037308 0 0 0
51633037368 0 0 0
51633037428 0 0 0
51633037488 0 0 0
51633037548 0 0 0
51633037608 0 0 0
51633037668 0 0 0
51633037728 0 0 0
51633037788 0 0 0
51633037848 0 0 0
51633037908 0 0 0
51633037968 0 0 0
51633038028 0 0 0
51633038088 0 0 0
51633038148 0 0 0
51633038208 0 0 0
51633038268 0 0 0
51633038328 0 0 0
51633038388 0 0 0
51633038448 0 0 0
51633038508 0 0 0
51633038568 0 0 0
51633038628 0 0 0
51633038688 0 0 0
51633038748 0 0 0
51633038808 0 0 0
51633038868 0 0 0
51633038928 0 0 0
51633038988 0 0 0
51633039048 0 0 0
51633039108 0 0 0
51633039168 0 0 0
51633039228 0 0 0
51633039288 0 0 0
51633039348 0 0 0
51633039408 0 0 0
51633039468 939 0 2
51633039528 2166 0 2
51633039588 2449 0 2
51633039648 1898 0 2
51633039708 0 0 0
51633039768 0 0 0
51633039828 0 0 0
51633039888 0 0 0
51633039948 0 0 0
51633040008 0 0 0
51633040068 0 0 0
51633040128 0 0 0
51633040188 0 0 0
51633040248 0 0 0
51633040308 0 0 0
51633040368 0 0 0
51633040428 0 0 0
51633040488 0 0 0
51633040548 0 0 0
51633040608 0 0 0
51633040668 0 0 0
51633040728 0 0 0
51633040788 0 0 0
51633040848 0 0 0
51633040908 0 0 0
51633040968 0 0 0
51633041028 0 0 0
51633041088 0 0 0
51633041148 0 0 0
51633041208 0 0 0
51633041268 0 0 0
51633041328 0 0 0
51633041388 0 0 0
51633041448 0 0 0
51633041508 0 0 0
51633041568 0 0 0
51633041628 0 0 0
51633041688 0 0 0
51633041748 0 0 0
51633041808 0 0 0
51633041868 0 0 0
51633041928 0 0 0
51633041988 0 0 0
51633042048 0 0 0
51633042108 0 0 0
51633042168 0 0 0
51633042228 0 0 0
51633042288 0 0 0
51633042348 0 0 0
51633042408 0 0 0
51633042468 481 0 0
51633042528 1924 0 3
51633042588 1692 0 3
51633042648 1675 0 1
51633042708 0 0 0
51633042768 0 0 0
51633042828 0 0 0
51633042888 0 0 0
51633042948 0 0 0
51633043008 0 0 0
51633043068 0 0 0
51633043128 0 0 0
51633043188 0 0 0
51633043248 0 0 0
51633043308 0 0 0
51633043368 0 0 0
51633043428 0 0 0
51633043488 0 0 0
51633043548 0 0 0
51633043608 0 0 0
51633043668 0 0 0
51633043728 0 0 0
51633043788 0 0 0
51633043848 0 0 0
51633043908 0 0 0
51633043968 0 0 0
51633044028 0 0 0
51633044088 0 0 0
51633044148 0 0 0
51633044208 0 0 0
51633044268 0 0 0
51633044328 0 0 0
51633044388 0 0 0
51633044448 0 0 0
51633044508 0 0 0
51633044568 0 0 0
51633044628 0 0 0
51633044688 0 0 0
51633044748 0 0 0
51633044808 0 0 0
51633044868 0 0 0
51633044928 0 0 0
51633044988 0 0 0
51633045048 0 0 0
51633045108 0 0 0
51633045168 0 0 0
51633045228 0 0 0
51633045288 0 0 0
51633045348 0 0 0
51633045408 0 0 0
51633045468 398 0 1
51633045528 1213 0 1
51633045588 777 0 1
51633045648 2388 0 4
51633045708 0 0 0
51633045768 0 0 0
51633045828 0 0 0
51633045888 0 0 0
51633045948 0 0 0
51633046008 0 0 0
51633046068 0 0 0
51633046128 0 0 0
51633046188 0 0 0
51633046248 0 0 0
51633046308 0 0 0
51633046368 0 0 0
51633046428 0 0 0
51633046488 0 0 0
51633046548 0 0 0
51633046608 0 0 0
51633046668 0 0 0
51633046728 0 0 0
51633046788 0 0 0
51633046848 0 0 0
51633046908 0 0 0
51633046968 0 0 0
51633047028 0 0 0
51633047088 0 0 0
51633047148 0 0 0
51633047208 0 0 0
51633047268 0 0 0
51633047328 0 0 0
51633047388 0 0 0
51633047448 0 0 0
51633047508 0 0 0
51633047568 0 0 0
51633047628 0 0 0
51633047688 0 0 0
51633047748 0 0 0
51633047808 0 0 0
51633047868 0 0 0
51633047928 0 0 0
51633047988 0 0 0
51633048048 0 0 0
51633048108 0 0 0
51633048168 0 0 0
51633048228 0 0 0
51633048288 0 0 0
51633048348 0 0 0
51633048408 0 0 0
51633048468 347 0 1
51633048528 890 0 2
51633048588 845 0 1
51633048648 2082 0 5
51633048708 0 0 0
51633048768 0 0 0
51633048828 0 0 0
51633048888 0 0 0
51633048948 0 0 0
51633049008 0 0 0
51633049068 0 0 0
51633049128 0 0 0
51633049188 0 0 0
51633049248 0 0 0
51633049308 0 0 0
51633049368 0 0 0
51633049428 0 0 0
51633049488 0 0 0
51633049548 0 0 0
51633049608 0 0 0
51633049668 0 0 0
51633049728 0 0 0
51633049788 0 0 0
51633049848 0 0 0
51633049908 0 0 0
51633049968 0 0 0
51633050028 0 0 0
51633050088 0 0 0
51633050148 0 0 0
51633050208 0 0 0
51633050268 0 0 0
51633050328 0 0 0
51633050388 0 0 0
51633050448 0 0 0
51633050508 0 0 0
51633050568 0 0 0
51633050628 0 0 0
51633050688 0 0 0
51633050748 0 0 0
51633050808 0 0 0
51633050868 0 0 0
51633050928 0 0 0
51633050988 0 0 0
51633051048 0 0 0
51633051108 0 0 0
51633051168 0 0 0
51633051228 0 0 0
51633051288 0 0 0
51633051348 0 0 0
51633051408 0 0 0
51633051468 249 0 1
51633051528 498 0 2
51633051588 747 0 2
51633051648 1323 0 3
51633051708 171 0 0
51633051768 0 0 0
51633051828 0 0 0
51633051888 0 0 0
51633051948 0 0 0
51633052008 0 0 0
51633052068 0 0 0
51633052128 0 0 0
51633052188 0 0 0
51633052248 0 0 0
51633052308 0 0 0
51633052368 0 0 0
51633052428 0 0 0
51633052488 0 0 0
51633052548 0 0 0
51633052608 0 0 0
51633052668 0 0 0
51633052728 0 0 0
51633052788 0 0 0
51633052848 0 0 0
51633052908 0 0 0
51633052968 0 0 0
51633053028 0 0 0
51633053088 0 0 0
51633053148 0 0 0
51633053208 0 0 0
51633053268 0 0 0
51633053328 0 0 0
51633053388 0 0 0
51633053448 0 0 0
51633053508 0 0 0
51633053568 0 0 0
51633053628 0 0 0
51633053688 0 0 0
51633053748 0 0 0
51633053808 0 0 0
51633053868 0 0 0
51633053928 0 0 0
51633053988 0 0 0
51633054048 0 0 0
51633054108 0 0 0
51633054168 0 0 0
51633054228 0 0 0
51633054288 0 0 0
51633054348 0 0 0
51633054408 0 0 0
51633054468 237 0 0
51633054528 474 0 1
51633054588 711 0 1
51633054648 1044 0 4
51633054708 378 0 1
51633054768 0 0 0
51633054828 0 0 0
51633054888 0 0 0
51633054948 0 0 0
51633055008 0 0 0
51633055068 0 0 0
51633055128 0 0 0
51633055188 0 0 0
51633055248 0 0 0
51633055308 0 0 0
51633055368 0 0 0
51633055428 0 0 0
51633055488 0 0 0
51633055548 0 0 0
51633055608 0 0 0
51633055668 0 0 0
51633055728 0 0 0
51633055788 0 0 0
51633055848 0 0 0
51633055908 0 0 0
51633055968 0 0 0
51633056028 0 0 0
51633056088 0 0 0
51633056148 0 0 0
51633056208 0 0 0
51633056268 0 0 0
51633056328 0 0 0
51633056388 0 0 0
51633056448 0 0 0
51633056508 0 0 0
51633056568 0 0 0
51633056628 0 0 0
51633056688 0 0 0
51633056748 0 0 0
51633056808 0 0 0
51633056868 0 0 0
51633056928 0 0 0
51633056988 0 0 0
51633057048 0 0 0
51633057108 0 0 0
51633057168 0 0 0
51633057228 0 0 0
51633057288 0 0 0
51633057348 0 0 0
51633057408 0 0 0
51633057492 0 0 3
47330302756 0 0 6
38724793209 1 0 10
25816528836 0 0 12
12908264433 0 0 11
read 1009 profiled data
