output_filename is output-14:52:48. Check that after the program finished.
try to open the char dev - node file..
4305708110 9838 0 5
4305708120 65951 0 26
4305708126 18576 0 9
4305708131 0 0 0
4305708136 0 0 0
4305708141 0 0 0
4305708146 0 0 0
4305708151 0 0 0
4305708156 0 0 0
4305708161 0 0 0
4305708166 0 0 0
4305708171 0 0 0
4305708176 0 0 0
4305708181 0 0 0
4305708186 0 0 0
4305708191 0 0 0
4305708196 0 0 0
4305708201 0 0 0
4305708206 0 0 0
4305708211 0 0 0
4305708216 0 0 0
4305708221 0 0 0
4305708226 0 0 0
4305708231 0 0 0
4305708236 0 0 0
4305708241 0 0 0
4305708246 0 0 0
4305708251 0 0 0
4305708256 0 0 0
4305708261 0 0 0
4305708266 0 0 0
4305708271 0 0 0
4305708276 0 0 0
4305708281 0 0 0
4305708286 0 0 0
4305708291 0 0 0
4305708296 0 0 0
4305708301 0 0 0
4305708306 0 0 0
4305708311 0 0 0
4305708316 0 0 0
4305708321 0 0 0
4305708326 0 0 0
4305708331 0 0 0
4305708336 0 0 0
4305708341 0 0 0
4305708346 0 0 0
4305708351 0 0 0
4305708356 0 0 0
4305708361 0 0 0
4305708366 16228 0 7
4305708372 25102 0 10
4305708377 28982 0 10
4305708382 3938 0 1
4305708387 0 0 0
4305708392 0 0 0
4305708397 0 0 0
4305708402 0 0 0
4305708407 0 0 0
4305708412 0 0 0
4305708417 0 0 0
4305708422 0 0 0
4305708427 0 0 0
4305708432 0 0 0
4305708437 0 0 0
4305708442 0 0 0
4305708447 0 0 0
4305708452 0 0 0
4305708457 0 0 0
4305708462 0 0 0
4305708467 0 0 0
4305708472 0 0 0
4305708477 0 0 0
4305708482 0 0 0
4305708487 0 0 0
4305708492 0 0 0
4305708497 0 0 0
4305708502 0 0 0
4305708507 0 0 0
4305708512 0 0 0
4305708517 0 0 0
4305708522 0 0 0
4305708527 0 0 0
4305708532 0 0 0
4305708537 0 0 0
4305708542 0 0 0
4305708547 0 0 0
4305708552 0 0 0
4305708557 0 0 0
4305708562 0 0 0
4305708567 0 0 0
4305708572 0 0 0
4305708577 0 0 0
4305708582 0 0 0
4305708587 0 0 0
4305708592 0 0 0
4305708597 0 0 0
4305708602 0 0 0
4305708607 0 0 0
4305708612 0 0 0
4305708617 2772 0 1
4305708622 23658 0 8
4305708627 23405 0 10
4305708632 10635 0 3
4305708637 0 0 0
4305708642 0 0 0
4305708647 0 0 0
4305708652 0 0 0
4305708657 0 0 0
4305708662 0 0 0
4305708667 0 0 0
4305708672 0 0 0
4305708677 0 0 0
4305708682 0 0 0
4305708687 0 0 0
4305708692 0 0 0
4305708697 0 0 0
4305708702 0 0 0
4305708707 0 0 0
4305708712 0 0 0
4305708717 0 0 0
4305708722 0 0 0
4305708727 0 0 0
4305708732 0 0 0
4305708737 0 0 0
4305708742 0 0 0
4305708747 0 0 0
4305708752 0 0 0
4305708757 0 0 0
4305708762 0 0 0
4305708767 0 0 0
4305708772 0 0 0
4305708777 0 0 0
4305708782 0 0 0
4305708787 0 0 0
4305708792 0 0 0
4305708797 0 0 0
4305708802 0 0 0
4305708807 0 0 0
4305708812 0 0 0
4305708817 0 0 0
4305708822 0 0 0
4305708827 0 0 0
4305708832 0 0 0
4305708837 0 0 0
4305708842 0 0 0
4305708847 0 0 0
4305708852 0 0 0
4305708857 0 0 0
4305708862 0 0 0
4305708867 0 0 0
4305708872 15165 0 6
4305708877 14196 0 6
4305708882 18716 0 8
4305708887 2473 0 1
4305708892 0 0 0
4305708897 0 0 0
4305708902 0 0 0
4305708907 0 0 0
4305708912 0 0 0
4305708917 0 0 0
4305708922 0 0 0
4305708927 0 0 0
4305708932 0 0 0
4305708937 0 0 0
4305708942 0 0 0
4305708947 0 0 0
4305708952 0 0 0
4305708957 0 0 0
4305708962 0 0 0
4305708967 0 0 0
4305708972 0 0 0
4305708977 0 0 0
4305708982 0 0 0
4305708987 0 0 0
4305708992 0 0 0
4305708997 0 0 0
4305709002 0 0 0
4305709007 0 0 0
4305709012 0 0 0
4305709017 0 0 0
4305709022 0 0 0
4305709027 0 0 0
4305709032 0 0 0
4305709037 0 0 0
4305709042 0 0 0
4305709047 0 0 0
4305709052 0 0 0
4305709057 0 0 0
4305709062 0 0 0
4305709067 0 0 0
4305709072 0 0 0
4305709077 0 0 0
4305709082 0 0 0
4305709087 0 0 0
4305709092 0 0 0
4305709097 0 0 0
4305709102 0 0 0
4305709107 0 0 0
4305709112 0 0 0
4305709117 0 0 0
4305709122 5792 0 4
4305709127 14708 0 5
4305709132 16400 0 7
4305709137 4100 0 2
4305709142 0 0 0
4305709147 0 0 0
4305709152 0 0 0
4305709157 0 0 0
4305709162 0 0 0
4305709167 0 0 0
4305709172 0 0 0
4305709177 0 0 0
4305709182 0 0 0
4305709187 0 0 0
4305709192 0 0 0
4305709197 0 0 0
4305709202 0 0 0
4305709207 0 0 0
4305709212 0 0 0
4305709217 0 0 0
4305709222 0 0 0
4305709227 0 0 0
4305709232 0 0 0
4305709237 0 0 0
4305709242 0 0 0
4305709247 0 0 0
4305709252 0 0 0
4305709257 0 0 0
4305709263 0 0 0
4305709268 0 0 0
4305709273 0 0 0
4305709278 0 0 0
4305709283 0 0 0
4305709288 0 0 0
4305709293 0 0 0
4305709298 0 0 0
4305709303 0 0 0
4305709308 0 0 0
4305709314 0 0 0
4305709319 0 0 0
4305709324 0 0 0
4305709329 0 0 0
4305709334 0 0 0
4305709339 0 0 0
4305709344 0 0 0
4305709349 0 0 0
4305709354 0 0 0
4305709359 0 0 0
4305709364 0 0 0
4305709369 0 0 0
4305709374 6703 0 3
4305709379 10487 0 4
4305709384 13752 0 5
4305709389 3438 0 2
4305709394 0 0 0
4305709399 0 0 0
4305709404 0 0 0
4305709409 0 0 0
4305709414 0 0 0
4305709419 0 0 0
4305709424 0 0 0
4305709429 0 0 0
4305709434 0 0 0
4305709439 0 0 0
4305709444 0 0 0
4305709449 0 0 0
4305709454 0 0 0
4305709459 0 0 0
4305709464 0 0 0
4305709469 0 0 0
4305709474 0 0 0
4305709479 0 0 0
4305709484 0 0 0
4305709489 0 0 0
4305709494 0 0 0
4305709499 0 0 0
4305709504 0 0 0
4305709509 0 0 0
4305709514 0 0 0
4305709519 0 0 0
4305709524 0 0 0
4305709529 0 0 0
4305709534 0 0 0
4305709539 0 0 0
4305709544 0 0 0
4305709549 0 0 0
4305709554 0 0 0
4305709559 0 0 0
4305709564 0 0 0
4305709569 0 0 0
4305709574 0 0 0
4305709579 0 0 0
4305709584 0 0 0
4305709589 0 0 0
4305709594 0 0 0
4305709599 0 0 0
4305709604 0 0 0
4305709609 0 0 0
4305709614 0 0 0
4305709619 0 0 0
4305709624 399 0 1
4305709629 13363 0 7
4305709634 9745 0 5
4305709639 4563 0 2
4305709644 0 0 0
4305709649 0 0 0
4305709654 0 0 0
4305709659 0 0 0
4305709664 0 0 0
4305709669 0 0 0
4305709674 0 0 0
4305709679 0 0 0
4305709684 0 0 0
4305709689 0 0 0
4305709694 0 0 0
4305709699 0 0 0
4305709704 0 0 0
4305709709 0 0 0
4305709714 0 0 0
4305709719 0 0 0
4305709724 0 0 0
4305709729 0 0 0
4305709734 0 0 0
4305709739 0 0 0
4305709744 0 0 0
4305709749 0 0 0
4305709754 0 0 0
4305709759 0 0 0
4305709764 0 0 0
4305709769 0 0 0
4305709774 0 0 0
4305709779 0 0 0
4305709784 0 0 0
4305709789 0 0 0
4305709794 0 0 0
4305709799 0 0 0
4305709804 0 0 0
4305709809 0 0 0
4305709814 0 0 0
4305709819 0 0 0
4305709824 0 0 0
4305709829 0 0 0
4305709834 0 0 0
4305709839 0 0 0
4305709844 0 0 0
4305709849 0 0 0
4305709854 0 0 0
4305709859 0 0 0
4305709864 0 0 0
4305709869 0 0 0
4305709874 0 0 0
4305709879 6964 0 3
4305709884 9511 0 4
4305709890 6675 0 3
4305709895 0 0 0
4305709900 0 0 0
4305709905 0 0 0
4305709910 0 0 0
4305709915 0 0 0
4305709920 0 0 0
4305709925 0 0 0
4305709930 0 0 0
4305709935 0 0 0
4305709940 0 0 0
4305709945 0 0 0
4305709950 0 0 0
4305709955 0 0 0
4305709960 0 0 0
4305709965 0 0 0
4305709970 0 0 0
4305709975 0 0 0
4305709980 0 0 0
4305709985 0 0 0
4305709990 0 0 0
4305709995 0 0 0
4305710000 0 0 0
4305710005 0 0 0
4305710010 0 0 0
4305710015 0 0 0
4305710020 0 0 0
4305710025 0 0 0
4305710030 0 0 0
4305710035 0 0 0
4305710040 0 0 0
4305710045 0 0 0
4305710050 0 0 0
4305710055 0 0 0
4305710060 0 0 0
4305710065 0 0 0
4305710070 0 0 0
4305710075 0 0 0
4305710080 0 0 0
4305710085 0 0 0
4305710090 0 0 0
4305710095 0 0 0
4305710100 0 0 0
4305710105 0 0 0
4305710110 0 0 0
4305710115 0 0 0
4305710120 0 0 0
4305710125 0 0 0
4305710130 5622 0 3
4305710135 7496 0 5
4305710141 5622 0 3
4305710146 0 0 0
4305710151 0 0 0
4305710156 0 0 0
4305710161 0 0 0
4305710166 0 0 0
4305710171 0 0 0
4305710176 0 0 0
4305710181 0 0 0
4305710186 0 0 0
4305710191 0 0 0
4305710196 0 0 0
4305710201 0 0 0
4305710206 0 0 0
4305710211 0 0 0
4305710216 0 0 0
4305710221 0 0 0
4305710226 0 0 0
4305710231 0 0 0
4305710236 0 0 0
4305710241 0 0 0
4305710246 0 0 0
4305710251 0 0 0
4305710256 0 0 0
4305710261 0 0 0
4305710266 0 0 0
4305710271 0 0 0
4305710276 0 0 0
4305710281 0 0 0
4305710286 0 0 0
4305710291 0 0 0
4305710296 0 0 0
4305710301 0 0 0
4305710306 0 0 0
4305710311 0 0 0
4305710316 0 0 0
4305710321 0 0 0
4305710326 0 0 0
4305710331 0 0 0
4305710336 0 0 0
4305710341 0 0 0
4305710346 0 0 0
4305710351 0 0 0
4305710356 0 0 0
4305710361 0 0 0
4305710366 0 0 0
4305710371 0 0 0
4305710376 0 0 0
4305710381 4806 0 4
4305710386 6472 0 3
4305710392 4742 0 3
4305710397 0 0 0
4305710402 0 0 0
4305710407 0 0 0
4305710412 0 0 0
4305710417 0 0 0
4305710422 0 0 0
4305710427 0 0 0
4305710432 0 0 0
4305710437 0 0 0
4305710442 0 0 0
4305710447 0 0 0
4305710452 0 0 0
4305710457 0 0 0
4305710462 0 0 0
4305710467 0 0 0
4305710472 0 0 0
4305710477 0 0 0
4305710482 0 0 0
4305710487 0 0 0
4305710492 0 0 0
4305710497 0 0 0
4305710502 0 0 0
4305710507 0 0 0
4305710512 0 0 0
4305710517 0 0 0
4305710522 0 0 0
4305710527 0 0 0
4305710532 0 0 0
4305710537 0 0 0
4305710542 0 0 0
4305710547 0 0 0
4305710552 0 0 0
4305710557 0 0 0
4305710562 0 0 0
4305710567 0 0 0
4305710572 0 0 0
4305710577 0 0 0
4305710582 0 0 0
4305710587 0 0 0
4305710592 0 0 0
4305710597 0 0 0
4305710602 0 0 0
4305710607 0 0 0
4305710612 0 0 0
4305710617 0 0 0
4305710622 0 0 0
4305710627 0 0 0
4305710632 3756 0 3
4305710638 5852 0 5
4305710643 2912 0 2
4305710648 0 0 0
4305710653 0 0 0
4305710658 0 0 0
4305710663 0 0 0
4305710668 0 0 0
4305710673 0 0 0
4305710678 0 0 0
4305710683 0 0 0
4305710688 0 0 0
4305710693 0 0 0
4305710698 0 0 0
4305710703 0 0 0
4305710708 0 0 0
4305710713 0 0 0
4305710718 0 0 0
4305710723 0 0 0
4305710728 0 0 0
4305710733 0 0 0
4305710738 0 0 0
4305710743 0 0 0
4305710748 0 0 0
4305710753 0 0 0
4305710758 0 0 0
4305710763 0 0 0
4305710768 0 0 0
4305710773 0 0 0
4305710778 0 0 0
4305710783 0 0 0
4305710788 0 0 0
4305710793 0 0 0
4305710798 0 0 0
4305710803 0 0 0
4305710808 0 0 0
4305710813 0 0 0
4305710818 0 0 0
4305710823 0 0 0
4305710828 0 0 0
4305710833 0 0 0
4305710838 0 0 0
4305710843 0 0 0
4305710848 0 0 0
4305710853 0 0 0
4305710858 0 0 0
4305710863 0 0 0
4305710868 0 0 0
4305710873 0 0 0
4305710878 0 0 0
4305710883 2946 0 3
4305710889 4205 0 6
4305710894 2565 0 4
4305710899 104 0 0
4305710904 0 0 0
4305710909 0 0 0
4305710914 0 0 0
4305710919 0 0 0
4305710924 0 0 0
4305710929 0 0 0
4305710934 0 0 0
4305710939 0 0 0
4305710944 0 0 0
4305710949 0 0 0
4305710954 0 0 0
4305710959 0 0 0
4305710964 0 0 0
4305710969 0 0 0
4305710974 0 0 0
4305710979 0 0 0
4305710984 0 0 0
4305710989 0 0 0
4305710994 0 0 0
4305710999 0 0 0
4305711004 0 0 0
4305711009 0 0 0
4305711014 0 0 0
4305711019 0 0 0
4305711024 0 0 0
4305711029 0 0 0
4305711034 0 0 0
4305711039 0 0 0
4305711044 0 0 0
4305711049 0 0 0
4305711054 0 0 0
4305711059 0 0 0
4305711064 0 0 0
4305711069 0 0 0
4305711074 0 0 0
4305711079 0 0 0
4305711084 0 0 0
4305711089 0 0 0
4305711094 0 0 0
4305711099 0 0 0
4305711104 0 0 0
4305711109 0 0 0
4305711114 0 0 0
4305711119 0 0 0
4305711124 0 0 0
4305711129 0 0 0
4305711134 2691 0 3
4305711139 2194 0 3
4305711144 3188 0 4
4305711149 897 0 1
4305711154 0 0 0
4305711159 0 0 0
4305711164 0 0 0
4305711169 0 0 0
4305711174 0 0 0
4305711179 0 0 0
4305711184 0 0 0
4305711189 0 0 0
4305711194 0 0 0
4305711199 0 0 0
4305711204 0 0 0
4305711209 0 0 0
4305711214 0 0 0
4305711219 0 0 0
4305711224 0 0 0
4305711229 0 0 0
4305711234 0 0 0
4305711239 0 0 0
4305711244 0 0 0
4305711249 0 0 0
4305711254 0 0 0
4305711259 0 0 0
4305711264 0 0 0
4305711269 0 0 0
4305711274 0 0 0
4305711279 0 0 0
4305711284 0 0 0
4305711289 0 0 0
4305711294 0 0 0
4305711299 0 0 0
4305711304 0 0 0
4305711309 0 0 0
4305711314 0 0 0
4305711319 0 0 0
4305711324 0 0 0
4305711329 0 0 0
4305711334 0 0 0
4305711339 0 0 0
4305711344 0 0 0
4305711349 0 0 0
4305711354 0 0 0
4305711359 0 0 0
4305711364 0 0 0
4305711369 0 0 0
4305711374 0 0 0
4305711379 0 0 0
4305711384 1919 0 3
4305711389 1686 0 1
4305711394 2884 0 5
4305711399 721 0 1
4305711404 0 0 0
4305711409 0 0 0
4305711414 0 0 0
4305711419 0 0 0
4305711424 0 0 0
4305711429 0 0 0
4305711434 0 0 0
4305711439 0 0 0
4305711444 0 0 0
4305711449 0 0 0
4305711454 0 0 0
4305711459 0 0 0
4305711464 0 0 0
4305711469 0 0 0
4305711474 0 0 0
4305711479 0 0 0
4305711484 0 0 0
4305711489 0 0 0
4305711494 0 0 0
4305711499 0 0 0
4305711504 0 0 0
4305711509 0 0 0
4305711514 0 0 0
4305711519 0 0 0
4305711524 0 0 0
4305711529 0 0 0
4305711534 0 0 0
4305711539 0 0 0
4305711544 0 0 0
4305711549 0 0 0
4305711554 0 0 0
4305711559 0 0 0
4305711564 0 0 0
4305711569 0 0 0
4305711574 0 0 0
4305711579 0 0 0
4305711584 0 0 0
4305711589 0 0 0
4305711594 0 0 0
4305711599 0 0 0
4305711604 0 0 0
4305711609 0 0 0
4305711614 0 0 0
4305711619 0 0 0
4305711624 0 0 0
4305711629 0 0 0
4305711634 1236 0 2
4305711639 1869 0 3
4305711644 2484 0 1
4305711649 621 0 1
4305711654 0 0 0
4305711659 0 0 0
4305711664 0 0 0
4305711669 0 0 0
4305711674 0 0 0
4305711679 0 0 0
4305711684 0 0 0
4305711689 0 0 0
4305711694 0 0 0
4305711699 0 0 0
4305711704 0 0 0
4305711709 0 0 0
4305711714 0 0 0
4305711719 0 0 0
4305711724 0 0 0
4305711729 0 0 0
4305711734 0 0 0
4305711739 0 0 0
4305711744 0 0 0
4305711749 0 0 0
4305711754 0 0 0
4305711759 0 0 0
4305711764 0 0 0
4305711769 0 0 0
4305711774 0 0 0
4305711779 0 0 0
4305711784 0 0 0
4305711789 0 0 0
4305711794 0 0 0
4305711799 0 0 0
4305711804 0 0 0
4305711809 0 0 0
4305711814 0 0 0
4305711819 0 0 0
4305711824 0 0 0
4305711829 0 0 0
4305711834 0 0 0
4305711839 0 0 0
4305711844 0 0 0
4305711849 0 0 0
4305711854 0 0 0
4305711859 0 0 0
4305711864 0 0 0
4305711869 0 0 0
4305711874 0 0 0
4305711879 0 0 0
4305711884 481 0 1
4305711889 1924 0 3
4305711894 1443 0 4
4305711899 962 0 0
4305711904 0 0 0
4305711909 0 0 0
4305711914 0 0 0
4305711919 0 0 0
4305711924 0 0 0
4305711929 0 0 0
4305711934 0 0 0
4305711939 0 0 0
4305711944 0 0 0
4305711949 0 0 0
4305711954 0 0 0
4305711959 0 0 0
4305711964 0 0 0
4305711969 0 0 0
4305711974 0 0 0
4305711979 0 0 0
4305711984 0 0 0
4305711989 0 0 0
4305711994 0 0 0
4305711999 0 0 0
4305712004 0 0 0
4305712009 0 0 0
4305712014 0 0 0
4305712019 0 0 0
4305712024 0 0 0
4305712029 0 0 0
4305712034 0 0 0
4305712039 0 0 0
4305712044 0 0 0
4305712049 0 0 0
4305712054 0 0 0
4305712059 0 0 0
4305712064 0 0 0
4305712069 0 0 0
4305712074 0 0 0
4305712079 0 0 0
4305712084 0 0 0
4305712089 0 0 0
4305712094 0 0 0
4305712099 0 0 0
4305712104 0 0 0
4305712109 0 0 0
4305712114 0 0 0
4305712119 0 0 0
4305712124 0 0 0
4305712129 0 0 0
4305712134 38 0 0
4305712139 1694 0 4
4305712144 1452 0 2
4305712149 796 0 2
4305712154 0 0 0
4305712159 0 0 0
4305712164 0 0 0
4305712169 0 0 0
4305712174 0 0 0
4305712179 0 0 0
4305712184 0 0 0
4305712189 0 0 0
4305712194 0 0 0
4305712199 0 0 0
4305712204 0 0 0
4305712209 0 0 0
4305712214 0 0 0
4305712219 0 0 0
4305712224 0 0 0
4305712229 0 0 0
4305712234 0 0 0
4305712239 0 0 0
4305712244 0 0 0
4305712249 0 0 0
4305712254 0 0 0
4305712259 0 0 0
4305712264 0 0 0
4305712269 0 0 0
4305712274 0 0 0
4305712279 0 0 0
4305712284 0 0 0
4305712289 0 0 0
4305712294 0 0 0
4305712299 0 0 0
4305712304 0 0 0
4305712309 0 0 0
4305712314 0 0 0
4305712319 0 0 0
4305712324 0 0 0
4305712329 0 0 0
4305712334 0 0 0
4305712339 0 0 0
4305712344 0 0 0
4305712349 0 0 0
4305712354 0 0 0
4305712359 0 0 0
4305712364 0 0 0
4305712369 0 0 0
4305712374 0 0 0
4305712379 0 0 0
4305712384 0 0 0
4305712389 1041 0 1
4305712394 1233 0 3
4305712399 1196 0 1
4305712404 0 0 0
4305712409 0 0 0
4305712414 0 0 0
4305712419 0 0 0
4305712424 0 0 0
4305712429 0 0 0
4305712434 0 0 0
4305712439 0 0 0
4305712444 0 0 0
4305712449 0 0 0
4305712454 0 0 0
4305712459 0 0 0
4305712464 0 0 0
4305712469 0 0 0
4305712474 0 0 0
4305712479 0 0 0
4305712484 0 0 0
4305712489 0 0 0
4305712494 0 0 0
4305712499 0 0 0
4305712504 0 0 0
4305712509 0 0 0
4305712514 0 0 0
4305712519 0 0 0
4305712524 0 0 0
4305712529 0 0 0
4305712534 0 0 0
4305712539 0 0 0
4305712544 0 0 0
4305712549 0 0 0
4305712554 0 0 0
4305712559 0 0 0
4305712564 0 0 0
4305712569 0 0 0
4305712574 0 0 0
4305712579 0 0 0
4305712584 0 0 0
4305712589 0 0 0
4305712594 0 0 0
4305712599 0 0 0
4305712604 0 0 0
4305712609 0 0 0
4305712614 0 0 0
4305712619 0 0 0
4305712624 0 0 0
4305712629 0 0 0
4305712634 0 0 0
4305712639 747 0 3
4305712644 498 0 1
4305712649 996 0 4
4305712654 249 0 0
4305712659 0 0 0
4305712664 0 0 0
4305712669 0 0 0
4305712674 0 0 0
4305712679 0 0 0
4305712684 0 0 0
4305712689 0 0 0
4305712694 0 0 0
4305712699 0 0 0
4305712704 0 0 0
4305712709 0 0 0
4305712714 0 0 0
4305712719 0 0 0
4305712724 0 0 0
4305712729 0 0 0
4305712734 0 0 0
4305712739 0 0 0
4305712744 0 0 0
4305712749 0 0 0
4305712754 0 0 0
4305712759 0 0 0
4305712764 0 0 0
4305712769 0 0 0
4305712774 0 0 0
4305712779 0 0 0
4305712784 0 0 0
4305712789 0 0 0
4305712794 0 0 0
4305712799 0 0 0
4305712804 0 0 0
4305712809 0 0 0
4305712814 0 0 0
4305712819 0 0 0
4305712824 0 0 0
4305712829 0 0 0
4305712834 0 0 0
4305712839 0 0 0
4305712844 0 0 0
4305712849 0 0 0
4305712854 0 0 0
4305712859 0 0 0
4305712864 0 0 0
4305712869 0 0 0
4305712874 0 0 0
4305712879 0 0 0
4305712884 0 0 0
4305712889 711 0 1
4305712894 474 0 2
4305712899 948 0 0
4305712904 237 0 0
4305712909 0 0 0
4305712914 0 0 0
4305712919 0 0 0
4305712924 0 0 0
4305712929 0 0 0
4305712934 0 0 0
4305712939 0 0 0
4305712944 0 0 0
4305712949 0 0 0
4305712954 0 0 0
4305712959 0 0 0
4305712964 0 0 0
4305712969 0 0 0
4305712974 0 0 0
4305712979 0 0 0
4305712984 0 0 0
4305712989 0 0 0
4305712994 0 0 0
4305712999 0 0 0
4305713004 0 0 0
4305713009 0 0 0
4305713014 0 0 0
4305713019 0 0 0
4305713024 0 0 0
4305713029 0 0 0
4305713034 0 0 0
4305713039 0 0 0
4305713044 0 0 0
4305713049 0 0 0
4305713054 0 0 0
4305713059 0 0 0
4305713064 0 0 0
4305713069 0 0 0
4305713074 0 0 0
4305713079 0 0 0
4305713084 0 0 0
4305713089 0 0 0
4305713094 0 0 0
4305713099 0 0 0
4305713104 0 0 0
4305713109 0 0 0
4305713114 0 0 0
4305713119 0 0 0
4305713124 0 0 0
4305713129 0 0 0
4305713134 0 0 0
4305713139 0 0 5
4305713144 0 0 8
4305713149 0 0 11
4305713154 2 0 17
4305713159 1 0 1
read 1008 profiled data
