output_filename is output-14:54:29. Check that after the program finished.
try to open the char dev - node file..
4305733376 28390 1 10
4305733382 42127 0 22
4305733387 37006 0 14
4305733392 34060 0 11
4305733397 0 0 0
4305733402 0 0 0
4305733407 0 0 0
4305733412 0 0 0
4305733417 0 0 0
4305733422 0 0 0
4305733427 0 0 0
4305733432 0 0 0
4305733437 0 0 0
4305733442 0 0 0
4305733447 0 0 0
4305733452 0 0 0
4305733457 0 0 0
4305733462 0 0 0
4305733467 0 0 0
4305733472 0 0 0
4305733477 0 0 0
4305733482 0 0 0
4305733487 0 0 0
4305733492 0 0 0
4305733497 0 0 0
4305733502 0 0 0
4305733507 0 0 0
4305733512 0 0 0
4305733517 0 0 0
4305733522 0 0 0
4305733527 0 0 0
4305733532 0 0 0
4305733537 0 0 0
4305733542 0 0 0
4305733547 0 0 0
4305733552 0 0 0
4305733557 0 0 0
4305733562 0 0 0
4305733567 0 0 0
4305733572 0 0 0
4305733577 0 0 0
4305733582 0 0 0
4305733587 0 0 0
4305733592 0 0 0
4305733597 0 0 0
4305733602 0 0 0
4305733607 0 0 0
4305733612 0 0 0
4305733617 0 0 0
4305733622 0 0 0
4305733627 6755 0 3
4305733632 9104 0 4
4305733637 37028 0 14
4305733642 33023 0 12
4305733647 25464 0 8
4305733652 0 0 0
4305733657 0 0 0
4305733662 0 0 0
4305733667 0 0 0
4305733672 0 0 0
4305733677 0 0 0
4305733682 0 0 0
4305733687 0 0 0
4305733692 0 0 0
4305733697 0 0 0
4305733702 0 0 0
4305733707 0 0 0
4305733712 0 0 0
4305733717 0 0 0
4305733722 0 0 0
4305733727 0 0 0
4305733732 0 0 0
4305733737 0 0 0
4305733742 0 0 0
4305733747 0 0 0
4305733752 0 0 0
4305733757 0 0 0
4305733762 0 0 0
4305733767 0 0 0
4305733772 0 0 0
4305733777 0 0 0
4305733782 0 0 0
4305733787 0 0 0
4305733792 0 0 0
4305733797 0 0 0
4305733802 0 0 0
4305733807 0 0 0
4305733812 0 0 0
4305733817 0 0 0
4305733822 0 0 0
4305733827 0 0 0
4305733832 0 0 0
4305733837 0 0 0
4305733842 0 0 0
4305733847 0 0 0
4305733852 0 0 0
4305733857 0 0 0
4305733862 0 0 0
4305733867 0 0 0
4305733872 0 0 0
4305733877 0 0 0
4305733882 6047 0 2
4305733887 16971 0 6
4305733892 23426 0 8
4305733897 34752 0 14
4305733902 9509 0 4
4305733907 0 0 0
4305733912 0 0 0
4305733917 0 0 0
4305733922 0 0 0
4305733927 0 0 0
4305733932 0 0 0
4305733937 0 0 0
4305733942 0 0 0
4305733947 0 0 0
4305733952 0 0 0
4305733957 0 0 0
4305733962 0 0 0
4305733967 0 0 0
4305733972 0 0 0
4305733977 0 0 0
4305733982 0 0 0
4305733987 0 0 0
4305733992 0 0 0
4305733997 0 0 0
4305734002 0 0 0
4305734007 0 0 0
4305734012 0 0 0
4305734017 0 0 0
4305734022 0 0 0
4305734027 0 0 0
4305734032 0 0 0
4305734037 0 0 0
4305734042 0 0 0
4305734047 0 0 0
4305734052 0 0 0
4305734057 0 0 0
4305734062 0 0 0
4305734067 0 0 0
4305734072 0 0 0
4305734077 0 0 0
4305734082 0 0 0
4305734087 0 0 0
4305734092 0 0 0
4305734097 0 0 0
4305734102 0 0 0
4305734107 0 0 0
4305734112 0 0 0
4305734117 0 0 0
4305734122 0 0 0
4305734127 0 0 0
4305734132 5055 0 2
4305734137 5055 0 2
4305734142 23364 0 10
4305734147 16099 0 6
4305734152 26252 0 9
4305734157 0 0 0
4305734162 0 0 0
4305734167 0 0 0
4305734172 0 0 0
4305734177 0 0 0
4305734182 0 0 0
4305734187 0 0 0
4305734192 0 0 0
4305734197 0 0 0
4305734202 0 0 0
4305734207 0 0 0
4305734212 0 0 0
4305734217 0 0 0
4305734222 0 0 0
4305734227 0 0 0
4305734232 0 0 0
4305734237 0 0 0
4305734242 0 0 0
4305734247 0 0 0
4305734252 0 0 0
4305734257 0 0 0
4305734262 0 0 0
4305734267 0 0 0
4305734272 0 0 0
4305734277 0 0 0
4305734282 0 0 0
4305734287 0 0 0
4305734292 0 0 0
4305734297 0 0 0
4305734302 0 0 0
4305734307 0 0 0
4305734312 0 0 0
4305734317 0 0 0
4305734322 0 0 0
4305734327 0 0 0
4305734332 0 0 0
4305734337 0 0 0
4305734342 0 0 0
4305734347 0 0 0
4305734352 0 0 0
4305734357 0 0 0
4305734362 0 0 0
4305734367 0 0 0
4305734372 0 0 0
4305734377 0 0 0
4305734382 1198 0 1
4305734388 7002 0 3
4305734393 12731 0 6
4305734398 15088 0 5
4305734403 24816 0 11
4305734408 1325 0 0
4305734413 0 0 0
4305734418 0 0 0
4305734423 0 0 0
4305734428 0 0 0
4305734433 0 0 0
4305734438 0 0 0
4305734443 0 0 0
4305734448 0 0 0
4305734453 0 0 0
4305734458 0 0 0
4305734463 0 0 0
4305734468 0 0 0
4305734473 0 0 0
4305734478 0 0 0
4305734483 0 0 0
4305734488 0 0 0
4305734493 0 0 0
4305734498 0 0 0
4305734503 0 0 0
4305734508 0 0 0
4305734513 0 0 0
4305734518 0 0 0
4305734523 0 0 0
4305734528 0 0 0
4305734533 0 0 0
4305734538 0 0 0
4305734543 0 0 0
4305734548 0 0 0
4305734553 0 0 0
4305734558 0 0 0
4305734563 0 0 0
4305734568 0 0 0
4305734573 0 0 0
4305734578 0 0 0
4305734583 0 0 0
4305734588 0 0 0
4305734593 0 0 0
4305734598 0 0 0
4305734603 0 0 0
4305734608 0 0 0
4305734613 0 0 0
4305734618 0 0 0
4305734623 0 0 0
4305734628 0 0 0
4305734633 0 0 0
4305734638 3438 0 1
4305734643 8199 0 4
4305734648 15048 0 7
4305734653 15988 0 8
4305734658 8897 0 3
4305734663 0 0 0
4305734668 0 0 0
4305734673 0 0 0
4305734678 0 0 0
4305734683 0 0 0
4305734688 0 0 0
4305734693 0 0 0
4305734698 0 0 0
4305734703 0 0 0
4305734708 0 0 0
4305734713 0 0 0
4305734718 0 0 0
4305734723 0 0 0
4305734728 0 0 0
4305734733 0 0 0
4305734738 0 0 0
4305734743 0 0 0
4305734748 0 0 0
4305734753 0 0 0
4305734758 0 0 0
4305734763 0 0 0
4305734768 0 0 0
4305734773 0 0 0
4305734778 0 0 0
4305734783 0 0 0
4305734788 0 0 0
4305734793 0 0 0
4305734798 0 0 0
4305734803 0 0 0
4305734808 0 0 0
4305734813 0 0 0
4305734818 0 0 0
4305734823 0 0 0
4305734828 0 0 0
4305734833 0 0 0
4305734838 0 0 0
4305734843 0 0 0
4305734848 0 0 0
4305734853 0 0 0
4305734858 0 0 0
4305734863 0 0 0
4305734868 0 0 0
4305734873 0 0 0
4305734878 0 0 0
4305734883 0 0 0
4305734888 2807 0 1
4305734893 4728 0 3
4305734899 13709 0 6
4305734904 11863 0 5
4305734909 8998 0 3
4305734914 0 0 0
4305734919 0 0 0
4305734924 0 0 0
4305734929 0 0 0
4305734934 0 0 0
4305734939 0 0 0
4305734944 0 0 0
4305734949 0 0 0
4305734954 0 0 0
4305734959 0 0 0
4305734964 0 0 0
4305734969 0 0 0
4305734974 0 0 0
4305734979 0 0 0
4305734984 0 0 0
4305734989 0 0 0
4305734994 0 0 0
4305734999 0 0 0
4305735004 0 0 0
4305735009 0 0 0
4305735014 0 0 0
4305735019 0 0 0
4305735024 0 0 0
4305735029 0 0 0
4305735034 0 0 0
4305735039 0 0 0
4305735044 0 0 0
4305735049 0 0 0
4305735054 0 0 0
4305735059 0 0 0
4305735064 0 0 0
4305735069 0 0 0
4305735074 0 0 0
4305735079 0 0 0
4305735084 0 0 0
4305735089 0 0 0
4305735094 0 0 0
4305735099 0 0 0
4305735104 0 0 0
4305735109 0 0 0
4305735114 0 0 0
4305735119 0 0 0
4305735124 0 0 0
4305735129 0 0 0
4305735134 0 0 0
4305735139 2315 0 2
4305735144 3641 0 2
4305735149 10249 0 4
4305735154 6005 0 3
4305735159 12515 0 5
4305735164 0 0 0
4305735169 0 0 0
4305735174 0 0 0
4305735179 0 0 0
4305735184 0 0 0
4305735189 0 0 0
4305735194 0 0 0
4305735199 0 0 0
4305735204 0 0 0
4305735209 0 0 0
4305735214 0 0 0
4305735219 0 0 0
4305735224 0 0 0
4305735229 0 0 0
4305735234 0 0 0
4305735239 0 0 0
4305735244 0 0 0
4305735249 0 0 0
4305735254 0 0 0
4305735259 0 0 0
4305735264 0 0 0
4305735269 0 0 0
4305735274 0 0 0
4305735279 0 0 0
4305735284 0 0 0
4305735289 0 0 0
4305735294 0 0 0
4305735299 0 0 0
4305735304 0 0 0
4305735309 0 0 0
4305735314 0 0 0
4305735319 0 0 0
4305735324 0 0 0
4305735329 0 0 0
4305735334 0 0 0
4305735339 0 0 0
4305735344 0 0 0
4305735349 0 0 0
4305735354 0 0 0
4305735359 0 0 0
4305735364 0 0 0
4305735369 0 0 0
4305735374 0 0 0
4305735379 0 0 0
4305735384 0 0 0
4305735389 1874 0 1
4305735394 1874 0 0
4305735399 9136 0 5
4305735404 3982 0 2
4305735409 11244 0 7
4305735414 0 0 0
4305735419 0 0 0
4305735424 0 0 0
4305735429 0 0 0
4305735434 0 0 0
4305735439 0 0 0
4305735444 0 0 0
4305735449 0 0 0
4305735454 0 0 0
4305735459 0 0 0
4305735464 0 0 0
4305735469 0 0 0
4305735474 0 0 0
4305735479 0 0 0
4305735484 0 0 0
4305735489 0 0 0
4305735494 0 0 0
4305735499 0 0 0
4305735504 0 0 0
4305735509 0 0 0
4305735514 0 0 0
4305735519 0 0 0
4305735524 0 0 0
4305735529 0 0 0
4305735534 0 0 0
4305735539 0 0 0
4305735544 0 0 0
4305735549 0 0 0
4305735554 0 0 0
4305735559 0 0 0
4305735564 0 0 0
4305735569 0 0 0
4305735574 0 0 0
4305735579 0 0 0
4305735584 0 0 0
4305735589 0 0 0
4305735594 0 0 0
4305735599 0 0 0
4305735604 0 0 0
4305735609 0 0 0
4305735614 0 0 0
4305735619 0 0 0
4305735624 0 0 0
4305735629 0 0 0
4305735634 0 0 0
4305735639 1086 0 1
4305735644 2118 0 0
4305735649 4392 0 3
4305735654 6349 0 4
4305735659 9557 0 4
4305735664 528 0 0
4305735669 0 0 0
4305735674 0 0 0
4305735679 0 0 0
4305735684 0 0 0
4305735689 0 0 0
4305735694 0 0 0
4305735699 0 0 0
4305735704 0 0 0
4305735709 0 0 0
4305735714 0 0 0
4305735719 0 0 0
4305735724 0 0 0
4305735729 0 0 0
4305735734 0 0 0
4305735739 0 0 0
4305735744 0 0 0
4305735749 0 0 0
4305735754 0 0 0
4305735759 0 0 0
4305735764 0 0 0
4305735769 0 0 0
4305735774 0 0 0
4305735779 0 0 0
4305735784 0 0 0
4305735789 0 0 0
4305735794 0 0 0
4305735799 0 0 0
4305735804 0 0 0
4305735809 0 0 0
4305735814 0 0 0
4305735819 0 0 0
4305735824 0 0 0
4305735829 0 0 0
4305735834 0 0 0
4305735839 0 0 0
4305735844 0 0 0
4305735849 0 0 0
4305735854 0 0 0
4305735859 0 0 0
4305735864 0 0 0
4305735869 0 0 0
4305735874 0 0 0
4305735879 0 0 0
4305735884 0 0 0
4305735889 0 0 0
4305735894 2504 0 2
4305735900 3756 0 3
4305735905 4922 0 4
4305735910 7327 0 4
4305735915 271 0 0
4305735920 0 0 0
4305735925 0 0 0
4305735930 0 0 0
4305735935 0 0 0
4305735940 0 0 0
4305735945 0 0 0
4305735950 0 0 0
4305735955 0 0 0
4305735960 0 0 0
4305735965 0 0 0
4305735970 0 0 0
4305735975 0 0 0
4305735980 0 0 0
4305735985 0 0 0
4305735990 0 0 0
4305735995 0 0 0
4305736000 0 0 0
4305736005 0 0 0
4305736010 0 0 0
4305736015 0 0 0
4305736020 0 0 0
4305736025 0 0 0
4305736030 0 0 0
4305736035 0 0 0
4305736040 0 0 0
4305736045 0 0 0
4305736050 0 0 0
4305736055 0 0 0
4305736060 0 0 0
4305736065 0 0 0
4305736070 0 0 0
4305736075 0 0 0
4305736080 0 0 0
4305736085 0 0 0
4305736090 0 0 0
4305736095 0 0 0
4305736100 0 0 0
4305736105 0 0 0
4305736110 0 0 0
4305736115 0 0 0
4305736120 0 0 0
4305736125 0 0 0
4305736130 0 0 0
4305736135 0 0 0
4305736140 0 0 0
4305736145 1964 0 2
4305736150 1799 0 1
4305736155 4093 0 1
4305736161 6874 0 5
4305736166 0 0 0
4305736171 0 0 0
4305736176 0 0 0
4305736181 0 0 0
4305736186 0 0 0
4305736191 0 0 0
4305736196 0 0 0
4305736201 0 0 0
4305736206 0 0 0
4305736211 0 0 0
4305736216 0 0 0
4305736221 0 0 0
4305736226 0 0 0
4305736231 0 0 0
4305736236 0 0 0
4305736241 0 0 0
4305736246 0 0 0
4305736251 0 0 0
4305736256 0 0 0
4305736261 0 0 0
4305736266 0 0 0
4305736271 0 0 0
4305736276 0 0 0
4305736281 0 0 0
4305736286 0 0 0
4305736291 0 0 0
4305736296 0 0 0
4305736301 0 0 0
4305736306 0 0 0
4305736311 0 0 0
4305736316 0 0 0
4305736321 0 0 0
4305736326 0 0 0
4305736331 0 0 0
4305736336 0 0 0
4305736341 0 0 0
4305736346 0 0 0
4305736351 0 0 0
4305736356 0 0 0
4305736361 0 0 0
4305736366 0 0 0
4305736371 0 0 0
4305736376 0 0 0
4305736381 0 0 0
4305736386 0 0 0
4305736391 387 0 0
4305736396 1407 0 0
4305736401 2325 0 3
4305736406 3455 0 2
4305736411 5040 0 3
4305736416 841 0 1
4305736421 0 0 0
4305736426 0 0 0
4305736431 0 0 0
4305736436 0 0 0
4305736442 0 0 0
4305736447 0 0 0
4305736452 0 0 0
4305736457 0 0 0
4305736462 0 0 0
4305736467 0 0 0
4305736472 0 0 0
4305736477 0 0 0
4305736482 0 0 0
4305736487 0 0 0
4305736492 0 0 0
4305736497 0 0 0
4305736502 0 0 0
4305736507 0 0 0
4305736512 0 0 0
4305736517 0 0 0
4305736522 0 0 0
4305736527 0 0 0
4305736532 0 0 0
4305736537 0 0 0
4305736542 0 0 0
4305736547 0 0 0
4305736552 0 0 0
4305736557 0 0 0
4305736562 0 0 0
4305736567 0 0 0
4305736572 0 0 0
4305736577 0 0 0
4305736582 0 0 0
4305736587 0 0 0
4305736592 0 0 0
4305736597 0 0 0
4305736602 0 0 0
4305736607 0 0 0
4305736612 0 0 0
4305736617 0 0 0
4305736622 0 0 0
4305736627 0 0 0
4305736632 0 0 0
4305736637 0 0 0
4305736642 561 0 1
4305736647 881 0 1
4305736652 2163 0 2
4305736657 2297 0 3
4305736662 4192 0 5
4305736667 721 0 0
4305736672 0 0 0
4305736677 0 0 0
4305736682 0 0 0
4305736687 0 0 0
4305736692 0 0 0
4305736697 0 0 0
4305736702 0 0 0
4305736707 0 0 0
4305736712 0 0 0
4305736717 0 0 0
4305736722 0 0 0
4305736727 0 0 0
4305736732 0 0 0
4305736737 0 0 0
4305736742 0 0 0
4305736747 0 0 0
4305736752 0 0 0
4305736757 0 0 0
4305736762 0 0 0
4305736767 0 0 0
4305736772 0 0 0
4305736777 0 0 0
4305736782 0 0 0
4305736787 0 0 0
4305736792 0 0 0
4305736797 0 0 0
4305736802 0 0 0
4305736807 0 0 0
4305736812 0 0 0
4305736817 0 0 0
4305736822 0 0 0
4305736827 0 0 0
4305736832 0 0 0
4305736837 0 0 0
4305736842 0 0 0
4305736847 0 0 0
4305736852 0 0 0
4305736857 0 0 0
4305736862 0 0 0
4305736867 0 0 0
4305736872 0 0 0
4305736877 0 0 0
4305736882 0 0 0
4305736887 0 0 0
4305736892 0 0 0
4305736897 1242 0 2
4305736902 1201 0 2
4305736907 2525 0 0
4305736912 3178 0 4
4305736917 1169 0 2
4305736922 0 0 0
4305736927 0 0 0
4305736932 0 0 0
4305736937 0 0 0
4305736942 0 0 0
4305736947 0 0 0
4305736952 0 0 0
4305736957 0 0 0
4305736962 0 0 0
4305736967 0 0 0
4305736972 0 0 0
4305736977 0 0 0
4305736982 0 0 0
4305736987 0 0 0
4305736992 0 0 0
4305736997 0 0 0
4305737002 0 0 0
4305737007 0 0 0
4305737012 0 0 0
4305737017 0 0 0
4305737022 0 0 0
4305737027 0 0 0
4305737032 0 0 0
4305737037 0 0 0
4305737042 0 0 0
4305737047 0 0 0
4305737052 0 0 0
4305737057 0 0 0
4305737062 0 0 0
4305737067 0 0 0
4305737072 0 0 0
4305737077 0 0 0
4305737082 0 0 0
4305737087 0 0 0
4305737092 0 0 0
4305737097 0 0 0
4305737102 0 0 0
4305737107 0 0 0
4305737112 0 0 0
4305737117 0 0 0
4305737122 0 0 0
4305737127 0 0 0
4305737132 0 0 0
4305737137 0 0 0
4305737142 0 0 0
4305737147 481 0 0
4305737153 1827 0 3
4305737158 1540 0 4
4305737163 2539 0 3
4305737168 828 0 1
4305737173 0 0 0
4305737178 0 0 0
4305737183 0 0 0
4305737188 0 0 0
4305737193 0 0 0
4305737198 0 0 0
4305737203 0 0 0
4305737208 0 0 0
4305737213 0 0 0
4305737218 0 0 0
4305737223 0 0 0
4305737228 0 0 0
4305737233 0 0 0
4305737238 0 0 0
4305737243 0 0 0
4305737249 0 0 0
4305737254 0 0 0
4305737259 0 0 0
4305737264 0 0 0
4305737269 0 0 0
4305737274 0 0 0
4305737279 0 0 0
4305737284 0 0 0
4305737289 0 0 0
4305737294 0 0 0
4305737299 0 0 0
4305737304 0 0 0
4305737309 0 0 0
4305737314 0 0 0
4305737319 0 0 0
4305737324 0 0 0
4305737329 0 0 0
4305737334 0 0 0
4305737339 0 0 0
4305737344 0 0 0
4305737349 0 0 0
4305737354 0 0 0
4305737359 0 0 0
4305737364 0 0 0
4305737369 0 0 0
4305737374 0 0 0
4305737379 0 0 0
4305737384 0 0 0
4305737389 0 0 0
4305737394 256 0 1
4305737399 540 0 1
4305737404 838 0 0
4305737409 1550 0 1
4305737414 1990 0 4
4305737419 796 0 1
4305737424 0 0 0
4305737429 0 0 0
4305737434 0 0 0
4305737439 0 0 0
4305737444 0 0 0
4305737449 0 0 0
4305737454 0 0 0
4305737459 0 0 0
4305737464 0 0 0
4305737469 0 0 0
4305737474 0 0 0
4305737479 0 0 0
4305737484 0 0 0
4305737489 0 0 0
4305737494 0 0 0
4305737499 0 0 0
4305737504 0 0 0
4305737509 0 0 0
4305737514 0 0 0
4305737519 0 0 0
4305737524 0 0 0
4305737529 0 0 0
4305737534 0 0 0
4305737539 0 0 0
4305737544 0 0 0
4305737549 0 0 0
4305737554 0 0 0
4305737559 0 0 0
4305737564 0 0 0
4305737569 0 0 0
4305737574 0 0 0
4305737579 0 0 0
4305737584 0 0 0
4305737589 0 0 0
4305737594 0 0 0
4305737599 0 0 0
4305737604 0 0 0
4305737609 0 0 0
4305737614 0 0 0
4305737619 0 0 0
4305737624 0 0 0
4305737629 0 0 0
4305737635 0 0 0
4305737640 0 0 0
4305737645 347 0 0
4305737650 347 0 0
4305737655 860 0 3
4305737660 1279 0 2
4305737665 1827 0 2
4305737670 545 0 0
4305737675 0 0 0
4305737680 0 0 0
4305737685 0 0 0
4305737690 0 0 0
4305737695 0 0 0
4305737700 0 0 0
4305737705 0 0 0
4305737710 0 0 0
4305737715 0 0 0
4305737720 0 0 0
4305737725 0 0 0
4305737730 0 0 0
4305737735 0 0 0
4305737740 0 0 0
4305737745 0 0 0
4305737750 0 0 0
4305737755 0 0 0
4305737760 0 0 0
4305737765 0 0 0
4305737770 0 0 0
4305737775 0 0 0
4305737780 0 0 0
4305737785 0 0 0
4305737790 0 0 0
4305737795 0 0 0
4305737800 0 0 0
4305737805 0 0 0
4305737810 0 0 0
4305737815 0 0 0
4305737820 0 0 0
4305737825 0 0 0
4305737830 0 0 0
4305737835 0 0 0
4305737840 0 0 0
4305737845 0 0 0
4305737850 0 0 0
4305737855 0 0 0
4305737860 0 0 0
4305737865 0 0 0
4305737870 0 0 0
4305737875 0 0 0
4305737880 0 0 0
4305737885 0 0 0
4305737890 0 0 0
4305737895 169 0 1
4305737900 329 0 1
4305737905 498 0 0
4305737910 996 0 1
4305737915 1245 0 2
4305737920 498 0 2
4305737925 0 0 0
4305737930 0 0 0
4305737935 0 0 0
4305737940 0 0 0
4305737945 0 0 0
4305737950 0 0 0
4305737955 0 0 0
4305737960 0 0 0
4305737965 0 0 0
4305737970 0 0 0
4305737975 0 0 0
4305737980 0 0 0
4305737985 0 0 0
4305737990 0 0 0
4305737995 0 0 0
4305738000 0 0 0
4305738005 0 0 0
4305738010 0 0 0
4305738015 0 0 0
4305738020 0 0 0
4305738025 0 0 0
4305738030 0 0 0
4305738035 0 0 0
4305738040 0 0 0
4305738045 0 0 0
4305738050 0 0 0
4305738055 0 0 0
4305738060 0 0 0
4305738065 0 0 0
4305738070 0 0 0
4305738075 0 0 0
4305738080 0 0 0
4305738085 0 0 0
4305738090 0 0 0
4305738095 0 0 0
4305738100 0 0 0
4305738105 0 0 0
4305738110 0 0 0
4305738115 0 0 0
4305738120 0 0 0
4305738125 0 0 0
4305738130 0 0 0
4305738135 0 0 0
4305738140 0 0 0
4305738145 0 0 0
4305738150 474 0 1
4305738155 474 0 2
4305738160 948 0 3
4305738165 1185 0 1
4305738170 474 0 0
4305738175 0 0 0
4305738180 0 0 0
4305738185 0 0 0
4305738190 0 0 0
4305738195 0 0 0
4305738200 0 0 0
4305738205 0 0 0
4305738210 0 0 0
4305738215 0 0 0
4305738220 0 0 0
4305738225 0 0 0
4305738230 0 0 0
4305738235 0 0 0
4305738240 0 0 0
4305738245 0 0 0
4305738250 0 0 0
4305738255 0 0 0
4305738260 0 0 0
4305738265 0 0 0
4305738270 0 0 0
4305738275 0 0 0
4305738280 0 0 0
4305738285 0 0 0
4305738290 0 0 0
4305738295 0 0 0
4305738300 0 0 0
4305738305 0 0 0
4305738310 0 0 0
4305738315 0 0 0
4305738320 0 0 0
4305738325 0 0 0
4305738330 0 0 0
4305738335 0 0 0
4305738340 0 0 0
4305738345 0 0 0
4305738350 0 0 0
4305738355 0 0 0
4305738360 0 0 0
4305738365 0 0 0
4305738370 0 0 0
4305738375 0 0 0
4305738380 0 0 0
4305738385 0 0 0
4305738390 0 0 0
4305738396 0 0 1
4305738403 0 0 3
4305738408 0 0 7
4305738413 1 0 15
4305738418 2 0 18
4305738423 1 0 19
read 1008 profiled data
