output_filename is output-11:11:54. Check that after the program finished.
try to open the char dev - node file..
21513622665 20508 0 11
30119071766 34891 0 13
30119071801 10638 0 3
30119071836 0 0 0
30119071871 0 0 0
30119071906 0 0 0
30119071941 0 0 0
30119071976 0 0 0
30119072011 0 0 0
30119072046 0 0 0
30119072081 0 0 0
30119072116 0 0 0
30119072151 0 0 0
30119072186 0 0 0
30119072221 0 0 0
30119072256 0 0 0
30119072291 0 0 0
30119072326 0 0 0
30119072361 0 0 0
30119072396 0 0 0
30119072431 0 0 0
30119072466 0 0 0
30119072501 0 0 0
30119072536 0 0 0
30119072571 0 0 0
30119072606 0 0 0
30119072641 0 0 0
30119072676 0 0 0
30119072711 0 0 0
30119072746 0 0 0
30119072781 0 0 0
30119072816 0 0 0
30119072851 0 0 0
30119072886 0 0 0
30119072921 0 0 0
30119072956 0 0 0
30119072991 0 0 0
30119073026 0 0 0
30119073061 0 0 0
30119073096 0 0 0
30119073131 0 0 0
30119073166 0 0 0
30119073201 0 0 0
30119073236 0 0 0
30119073271 0 0 0
30119073306 0 0 0
30119073341 0 0 0
30119073376 0 0 0
30119073411 0 0 0
30119073446 0 0 0
30119073481 310 0 0
30119073516 21377 0 8
30119073551 25507 0 9
30119073586 4781 0 1
30119073621 0 0 0
30119073656 0 0 0
30119073691 0 0 0
30119073726 0 0 0
30119073761 0 0 0
30119073796 0 0 0
30119073831 0 0 0
30119073866 0 0 0
30119073901 0 0 0
30119073936 0 0 0
30119073971 0 0 0
30119074006 0 0 0
30119074041 0 0 0
30119074076 0 0 0
30119074111 0 0 0
30119074146 0 0 0
30119074181 0 0 0
30119074216 0 0 0
30119074251 0 0 0
30119074286 0 0 0
30119074321 0 0 0
30119074356 0 0 0
30119074391 0 0 0
30119074426 0 0 0
30119074461 0 0 0
30119074496 0 0 0
30119074531 0 0 0
30119074566 0 0 0
30119074601 0 0 0
30119074636 0 0 0
30119074671 0 0 0
30119074706 0 0 0
30119074741 0 0 0
30119074776 0 0 0
30119074811 0 0 0
30119074846 0 0 0
30119074881 0 0 0
30119074916 0 0 0
30119074951 0 0 0
30119074986 0 0 0
30119075021 0 0 0
30119075056 0 0 0
30119075091 0 0 0
30119075126 0 0 0
30119075161 0 0 0
30119075196 0 0 0
30119075231 0 0 0
30119075273 16241 0 5
30119075315 17225 0 7
30119075350 8863 0 3
30119075385 0 0 0
30119075420 0 0 0
30119075455 0 0 0
30119075490 0 0 0
30119075525 0 0 0
30119075560 0 0 0
30119075595 0 0 0
30119075630 0 0 0
30119075665 0 0 0
30119075700 0 0 0
30119075735 0 0 0
30119075770 0 0 0
30119075805 0 0 0
30119075840 0 0 0
30119075875 0 0 0
30119075910 0 0 0
30119075945 0 0 0
30119075980 0 0 0
30119076015 0 0 0
30119076050 0 0 0
30119076085 0 0 0
30119076120 0 0 0
30119076155 0 0 0
30119076190 0 0 0
30119076225 0 0 0
30119076260 0 0 0
30119076295 0 0 0
30119076330 0 0 0
30119076365 0 0 0
30119076400 0 0 0
30119076435 0 0 0
30119076470 0 0 0
30119076505 0 0 0
30119076540 0 0 0
30119076575 0 0 0
30119076610 0 0 0
30119076645 0 0 0
30119076680 0 0 0
30119076715 0 0 0
30119076750 0 0 0
30119076785 0 0 0
30119076820 0 0 0
30119076855 0 0 0
30119076890 0 0 0
30119076925 0 0 0
30119076960 0 0 0
30119076995 0 0 0
30119077037 12980 0 6
30119077072 9976 0 4
30119077107 12429 0 5
30119077142 0 0 0
30119077177 0 0 0
30119077212 0 0 0
30119077247 0 0 0
30119077282 0 0 0
30119077317 0 0 0
30119077352 0 0 0
30119077387 0 0 0
30119077422 0 0 0
30119077457 0 0 0
30119077492 0 0 0
30119077527 0 0 0
30119077562 0 0 0
30119077597 0 0 0
30119077632 0 0 0
30119077667 0 0 0
30119077702 0 0 0
30119077737 0 0 0
30119077772 0 0 0
30119077807 0 0 0
30119077842 0 0 0
30119077877 0 0 0
30119077912 0 0 0
30119077947 0 0 0
30119077982 0 0 0
30119078017 0 0 0
30119078052 0 0 0
30119078087 0 0 0
30119078122 0 0 0
30119078157 0 0 0
30119078192 0 0 0
30119078227 0 0 0
30119078262 0 0 0
30119078297 0 0 0
30119078332 0 0 0
30119078367 0 0 0
30119078402 0 0 0
30119078437 0 0 0
30119078472 0 0 0
30119078507 0 0 0
30119078542 0 0 0
30119078577 0 0 0
30119078612 0 0 0
30119078647 0 0 0
30119078682 0 0 0
30119078717 0 0 0
30119078752 0 0 0
30119078787 1904 0 1
30119078822 12477 0 6
30119078857 14319 0 4
30119078892 0 0 0
30119078927 0 0 0
30119078962 0 0 0
30119078997 0 0 0
30119079032 0 0 0
30119079067 0 0 0
30119079102 0 0 0
30119079137 0 0 0
30119079172 0 0 0
30119079207 0 0 0
30119079242 0 0 0
30119079277 0 0 0
30119079312 0 0 0
30119079347 0 0 0
30119079382 0 0 0
30119079417 0 0 0
30119079452 0 0 0
30119079487 0 0 0
30119079522 0 0 0
30119079557 0 0 0
30119079592 0 0 0
30119079627 0 0 0
30119079662 0 0 0
30119079697 0 0 0
30119079732 0 0 0
30119079767 0 0 0
30119079802 0 0 0
30119079837 0 0 0
30119079872 0 0 0
30119079907 0 0 0
30119079942 0 0 0
30119079977 0 0 0
30119080012 0 0 0
30119080047 0 0 0
30119080082 0 0 0
30119080117 0 0 0
30119080152 0 0 0
30119080187 0 0 0
30119080222 0 0 0
30119080257 0 0 0
30119080292 0 0 0
30119080327 0 0 0
30119080362 0 0 0
30119080397 0 0 0
30119080432 0 0 0
30119080467 0 0 0
30119080502 0 0 0
30119080537 0 0 0
30119080572 10314 0 3
30119080607 9796 0 6
30119080642 3955 0 1
30119080677 0 0 0
30119080712 0 0 0
30119080747 0 0 0
30119080782 0 0 0
30119080817 0 0 0
30119080852 0 0 0
30119080887 0 0 0
30119080922 0 0 0
30119080957 0 0 0
30119080992 0 0 0
30119081027 0 0 0
30119081062 0 0 0
30119081097 0 0 0
30119081132 0 0 0
30119081167 0 0 0
30119081202 0 0 0
30119081237 0 0 0
30119081272 0 0 0
30119081307 0 0 0
30119081342 0 0 0
30119081377 0 0 0
30119081412 0 0 0
30119081447 0 0 0
30119081482 0 0 0
30119081517 0 0 0
30119081552 0 0 0
30119081587 0 0 0
30119081622 0 0 0
30119081657 0 0 0
30119081692 0 0 0
30119081727 0 0 0
30119081762 0 0 0
30119081797 0 0 0
30119081832 0 0 0
30119081867 0 0 0
30119081902 0 0 0
30119081937 0 0 0
30119081972 0 0 0
30119082007 0 0 0
30119082042 0 0 0
30119082077 0 0 0
30119082112 0 0 0
30119082147 0 0 0
30119082182 0 0 0
30119082217 0 0 0
30119082252 0 0 0
30119082287 0 0 0
30119082322 6576 0 3
30119082357 6936 0 2
30119082392 6137 0 2
30119082427 0 0 0
30119082462 0 0 0
30119082497 0 0 0
30119082532 0 0 0
30119082567 0 0 0
30119082602 0 0 0
30119082637 0 0 0
30119082672 0 0 0
30119082707 0 0 0
30119082742 0 0 0
30119082777 0 0 0
30119082812 0 0 0
30119082847 0 0 0
30119082882 0 0 0
30119082917 0 0 0
30119082952 0 0 0
30119082987 0 0 0
30119083022 0 0 0
30119083057 0 0 0
30119083092 0 0 0
30119083127 0 0 0
30119083162 0 0 0
30119083197 0 0 0
30119083232 0 0 0
30119083267 0 0 0
30119083302 0 0 0
30119083337 0 0 0
30119083372 0 0 0
30119083407 0 0 0
30119083442 0 0 0
30119083477 0 0 0
30119083512 0 0 0
30119083547 0 0 0
30119083582 0 0 0
30119083617 0 0 0
30119083652 0 0 0
30119083687 0 0 0
30119083722 0 0 0
30119083757 0 0 0
30119083792 0 0 0
30119083827 0 0 0
30119083862 0 0 0
30119083897 0 0 0
30119083932 0 0 0
30119083967 0 0 0
30119084002 0 0 0
30119084037 0 0 0
30119084072 4630 0 2
30119084107 4630 0 2
30119084142 6945 0 3
30119084177 0 0 0
30119084212 0 0 0
30119084247 0 0 0
30119084282 0 0 0
30119084317 0 0 0
30119084352 0 0 0
30119084387 0 0 0
30119084422 0 0 0
30119084457 0 0 0
30119084492 0 0 0
30119084527 0 0 0
30119084562 0 0 0
30119084597 0 0 0
30119084632 0 0 0
30119084667 0 0 0
30119084702 0 0 0
30119084737 0 0 0
30119084772 0 0 0
30119084807 0 0 0
30119084842 0 0 0
30119084877 0 0 0
30119084912 0 0 0
30119084947 0 0 0
30119084982 0 0 0
30119085017 0 0 0
30119085052 0 0 0
30119085087 0 0 0
30119085122 0 0 0
30119085157 0 0 0
30119085192 0 0 0
30119085227 0 0 0
30119085262 0 0 0
30119085297 0 0 0
30119085332 0 0 0
30119085367 0 0 0
30119085402 0 0 0
30119085437 0 0 0
30119085472 0 0 0
30119085507 0 0 0
30119085542 0 0 0
30119085577 0 0 0
30119085612 0 0 0
30119085647 0 0 0
30119085682 0 0 0
30119085717 0 0 0
30119085752 0 0 0
30119085787 0 0 0
30119085822 683 0 0
30119085857 6524 0 3
30119085892 5911 0 3
30119085927 0 0 0
30119085962 0 0 0
30119085997 0 0 0
30119086032 0 0 0
30119086067 0 0 0
30119086102 0 0 0
30119086137 0 0 0
30119086172 0 0 0
30119086207 0 0 0
30119086242 0 0 0
30119086277 0 0 0
30119086312 0 0 0
30119086347 0 0 0
30119086382 0 0 0
30119086417 0 0 0
30119086452 0 0 0
30119086487 0 0 0
30119086522 0 0 0
30119086557 0 0 0
30119086592 0 0 0
30119086627 0 0 0
30119086662 0 0 0
30119086697 0 0 0
30119086732 0 0 0
30119086767 0 0 0
30119086802 0 0 0
30119086837 0 0 0
30119086872 0 0 0
30119086907 0 0 0
30119086942 0 0 0
30119086977 0 0 0
30119087012 0 0 0
30119087047 0 0 0
30119087082 0 0 0
30119087117 0 0 0
30119087152 0 0 0
30119087187 0 0 0
30119087222 0 0 0
30119087257 0 0 0
30119087292 0 0 0
30119087327 0 0 0
30119087362 0 0 0
30119087397 0 0 0
30119087432 0 0 0
30119087467 0 0 0
30119087502 0 0 0
30119087537 0 0 0
30119087572 0 0 0
30119087607 4806 0 3
30119087642 4760 0 5
30119087677 1648 0 0
30119087712 0 0 0
30119087747 0 0 0
30119087782 0 0 0
30119087817 0 0 0
30119087852 0 0 0
30119087887 0 0 0
30119087922 0 0 0
30119087957 0 0 0
30119087992 0 0 0
30119088027 0 0 0
30119088062 0 0 0
30119088097 0 0 0
30119088132 0 0 0
30119088167 0 0 0
30119088202 0 0 0
30119088237 0 0 0
30119088272 0 0 0
30119088307 0 0 0
30119088342 0 0 0
30119088377 0 0 0
30119088412 0 0 0
30119088447 0 0 0
30119088482 0 0 0
30119088517 0 0 0
30119088559 0 0 0
30119088594 0 0 0
30119088629 0 0 0
30119088664 0 0 0
30119088699 0 0 0
30119088734 0 0 0
30119088769 0 0 0
30119088804 0 0 0
30119088839 0 0 0
30119088874 0 0 0
30119088909 0 0 0
30119088944 0 0 0
30119088979 0 0 0
30119089014 0 0 0
30119089049 0 0 0
30119089084 0 0 0
30119089119 0 0 0
30119089154 0 0 0
30119089189 0 0 0
30119089224 0 0 0
30119089259 0 0 0
30119089294 0 0 0
30119089329 0 0 0
30119089364 3756 0 5
30119089399 2931 0 4
30119089434 2077 0 2
30119089469 0 0 0
30119089504 0 0 0
30119089539 0 0 0
30119089574 0 0 0
30119089609 0 0 0
30119089644 0 0 0
30119089679 0 0 0
30119089714 0 0 0
30119089749 0 0 0
30119089784 0 0 0
30119089819 0 0 0
30119089854 0 0 0
30119089889 0 0 0
30119089924 0 0 0
30119089959 0 0 0
30119089994 0 0 0
30119090029 0 0 0
30119090064 0 0 0
30119090099 0 0 0
30119090134 0 0 0
30119090169 0 0 0
30119090204 0 0 0
30119090239 0 0 0
30119090274 0 0 0
30119090309 0 0 0
30119090344 0 0 0
30119090379 0 0 0
30119090414 0 0 0
30119090449 0 0 0
30119090484 0 0 0
30119090519 0 0 0
30119090554 0 0 0
30119090589 0 0 0
30119090624 0 0 0
30119090659 0 0 0
30119090694 0 0 0
30119090729 0 0 0
30119090764 0 0 0
30119090799 0 0 0
30119090834 0 0 0
30119090869 0 0 0
30119090904 0 0 0
30119090939 0 0 0
30119090974 0 0 0
30119091009 0 0 0
30119091044 0 0 0
30119091079 0 0 0
30119091114 2804 0 3
30119091149 2075 0 2
30119091184 1995 0 2
30119091219 0 0 0
30119091254 0 0 0
30119091289 0 0 0
30119091324 0 0 0
30119091359 0 0 0
30119091394 0 0 0
30119091429 0 0 0
30119091464 0 0 0
30119091499 0 0 0
30119091534 0 0 0
30119091569 0 0 0
30119091604 0 0 0
30119091639 0 0 0
30119091674 0 0 0
30119091709 0 0 0
30119091744 0 0 0
30119091779 0 0 0
30119091814 0 0 0
30119091849 0 0 0
30119091884 0 0 0
30119091919 0 0 0
30119091954 0 0 0
30119091989 0 0 0
30119092024 0 0 0
30119092059 0 0 0
30119092094 0 0 0
30119092129 0 0 0
30119092164 0 0 0
30119092199 0 0 0
30119092234 0 0 0
30119092269 0 0 0
30119092304 0 0 0
30119092339 0 0 0
30119092374 0 0 0
30119092409 0 0 0
30119092444 0 0 0
30119092479 0 0 0
30119092514 0 0 0
30119092549 0 0 0
30119092584 0 0 0
30119092619 0 0 0
30119092654 0 0 0
30119092689 0 0 0
30119092724 0 0 0
30119092759 0 0 0
30119092794 0 0 0
30119092829 0 0 0
30119092864 1842 0 2
30119092899 1746 0 2
30119092934 2691 0 3
30119092969 0 0 0
30119093004 0 0 0
30119093039 0 0 0
30119093074 0 0 0
30119093109 0 0 0
30119093144 0 0 0
30119093179 0 0 0
30119093214 0 0 0
30119093249 0 0 0
30119093284 0 0 0
30119093319 0 0 0
30119093354 0 0 0
30119093389 0 0 0
30119093424 0 0 0
30119093459 0 0 0
30119093494 0 0 0
30119093529 0 0 0
30119093564 0 0 0
30119093599 0 0 0
30119093634 0 0 0
30119093669 0 0 0
30119093704 0 0 0
30119093739 0 0 0
30119093774 0 0 0
30119093809 0 0 0
30119093844 0 0 0
30119093879 0 0 0
30119093914 0 0 0
30119093949 0 0 0
30119093984 0 0 0
30119094019 0 0 0
30119094054 0 0 0
30119094089 0 0 0
30119094124 0 0 0
30119094159 0 0 0
30119094194 0 0 0
30119094229 0 0 0
30119094264 0 0 0
30119094299 0 0 0
30119094334 0 0 0
30119094369 0 0 0
30119094404 0 0 0
30119094439 0 0 0
30119094474 0 0 0
30119094509 0 0 0
30119094544 0 0 0
30119094579 0 0 0
30119094614 281 0 1
30119094649 2603 0 2
30119094684 2163 0 1
30119094719 0 0 0
30119094754 0 0 0
30119094789 0 0 0
30119094824 0 0 0
30119094859 0 0 0
30119094894 0 0 0
30119094929 0 0 0
30119094964 0 0 0
30119094999 0 0 0
30119095034 0 0 0
30119095069 0 0 0
30119095104 0 0 0
30119095139 0 0 0
30119095174 0 0 0
30119095209 0 0 0
30119095244 0 0 0
30119095279 0 0 0
30119095314 0 0 0
30119095349 0 0 0
30119095384 0 0 0
30119095419 0 0 0
30119095454 0 0 0
30119095489 0 0 0
30119095524 0 0 0
30119095559 0 0 0
30119095594 0 0 0
30119095629 0 0 0
30119095664 0 0 0
30119095699 0 0 0
30119095734 0 0 0
30119095769 0 0 0
30119095804 0 0 0
30119095839 0 0 0
30119095874 0 0 0
30119095909 0 0 0
30119095944 0 0 0
30119095979 0 0 0
30119096014 0 0 0
30119096049 0 0 0
30119096084 0 0 0
30119096119 0 0 0
30119096154 0 0 0
30119096189 0 0 0
30119096224 0 0 0
30119096259 0 0 0
30119096294 0 0 0
30119096329 0 0 0
30119096364 0 0 0
30119096399 2484 0 4
30119096434 1863 0 3
30119096469 0 0 0
30119096504 0 0 0
30119096539 0 0 0
30119096574 0 0 0
30119096609 0 0 0
30119096644 0 0 0
30119096679 0 0 0
30119096714 0 0 0
30119096749 0 0 0
30119096784 0 0 0
30119096819 0 0 0
30119096854 0 0 0
30119096889 0 0 0
30119096924 0 0 0
30119096959 0 0 0
30119096994 0 0 0
30119097029 0 0 0
30119097064 0 0 0
30119097099 0 0 0
30119097134 0 0 0
30119097169 0 0 0
30119097204 0 0 0
30119097239 0 0 0
30119097274 0 0 0
30119097309 0 0 0
30119097344 0 0 0
30119097379 0 0 0
30119097414 0 0 0
30119097449 0 0 0
30119097484 0 0 0
30119097519 0 0 0
30119097554 0 0 0
30119097589 0 0 0
30119097624 0 0 0
30119097659 0 0 0
30119097694 0 0 0
30119097729 0 0 0
30119097764 0 0 0
30119097799 0 0 0
30119097834 0 0 0
30119097869 0 0 0
30119097904 0 0 0
30119097939 0 0 0
30119097974 0 0 0
30119098009 0 0 0
30119098044 0 0 0
30119098079 0 0 0
30119098114 0 0 0
30119098149 1924 0 3
30119098184 1026 0 1
30119098219 417 0 0
30119098254 0 0 0
30119098289 0 0 0
30119098324 0 0 0
30119098359 0 0 0
30119098394 0 0 0
30119098429 0 0 0
30119098464 0 0 0
30119098499 0 0 0
30119098534 0 0 0
30119098569 0 0 0
30119098604 0 0 0
30119098639 0 0 0
30119098674 0 0 0
30119098709 0 0 0
30119098744 0 0 0
30119098779 0 0 0
30119098814 0 0 0
30119098849 0 0 0
30119098884 0 0 0
30119098919 0 0 0
30119098954 0 0 0
30119098989 0 0 0
30119099024 0 0 0
30119099059 0 0 0
30119099094 0 0 0
30119099129 0 0 0
30119099164 0 0 0
30119099199 0 0 0
30119099234 0 0 0
30119099269 0 0 0
30119099304 0 0 0
30119099339 0 0 0
30119099374 0 0 0
30119099409 0 0 0
30119099444 0 0 0
30119099479 0 0 0
30119099514 0 0 0
30119099549 0 0 0
30119099584 0 0 0
30119099619 0 0 0
30119099654 0 0 0
30119099689 0 0 0
30119099724 0 0 0
30119099759 0 0 0
30119099794 0 0 0
30119099829 0 0 0
30119099864 0 0 0
30119099899 1212 0 1
30119099934 778 0 0
30119099969 796 0 1
30119100004 0 0 0
30119100039 0 0 0
30119100074 0 0 0
30119100109 0 0 0
30119100144 0 0 0
30119100179 0 0 0
30119100214 0 0 0
30119100249 0 0 0
30119100284 0 0 0
30119100319 0 0 0
30119100354 0 0 0
30119100389 0 0 0
30119100424 0 0 0
30119100459 0 0 0
30119100494 0 0 0
30119100529 0 0 0
30119100564 0 0 0
30119100599 0 0 0
30119100634 0 0 0
30119100669 0 0 0
30119100704 0 0 0
30119100739 0 0 0
30119100774 0 0 0
30119100809 0 0 0
30119100844 0 0 0
30119100879 0 0 0
30119100914 0 0 0
30119100949 0 0 0
30119100984 0 0 0
30119101019 0 0 0
30119101054 0 0 0
30119101089 0 0 0
30119101124 0 0 0
30119101159 0 0 0
30119101194 0 0 0
30119101229 0 0 0
30119101264 0 0 0
30119101299 0 0 0
30119101334 0 0 0
30119101369 0 0 0
30119101404 0 0 0
30119101439 0 0 0
30119101474 0 0 0
30119101509 0 0 0
30119101544 0 0 0
30119101579 0 0 0
30119101614 0 0 0
30119101649 1041 0 1
30119101684 694 0 2
30119101719 694 0 1
30119101754 0 0 0
30119101789 0 0 0
30119101824 0 0 0
30119101859 0 0 0
30119101894 0 0 0
30119101929 0 0 0
30119101964 0 0 0
30119101999 0 0 0
30119102034 0 0 0
30119102069 0 0 0
30119102104 0 0 0
30119102139 0 0 0
30119102174 0 0 0
30119102209 0 0 0
30119102244 0 0 0
30119102279 0 0 0
30119102314 0 0 0
30119102349 0 0 0
30119102384 0 0 0
30119102419 0 0 0
30119102454 0 0 0
30119102489 0 0 0
30119102524 0 0 0
30119102559 0 0 0
30119102594 0 0 0
30119102629 0 0 0
30119102664 0 0 0
30119102699 0 0 0
30119102734 0 0 0
30119102769 0 0 0
30119102804 0 0 0
30119102839 0 0 0
30119102874 0 0 0
30119102909 0 0 0
30119102944 0 0 0
30119102979 0 0 0
30119103014 0 0 0
30119103049 0 0 0
30119103084 0 0 0
30119103119 0 0 0
30119103154 0 0 0
30119103189 0 0 0
30119103224 0 0 0
30119103259 0 0 0
30119103294 0 0 0
30119103329 0 0 0
30119103364 0 0 0
30119103399 747 0 2
30119103434 498 0 1
30119103469 498 0 2
30119103504 0 0 0
30119103539 0 0 0
30119103574 0 0 0
30119103609 0 0 0
30119103644 0 0 0
30119103679 0 0 0
30119103714 0 0 0
30119103749 0 0 0
30119103784 0 0 0
30119103819 0 0 0
30119103854 0 0 0
30119103889 0 0 0
30119103924 0 0 0
30119103959 0 0 0
30119103994 0 0 0
30119104029 0 0 0
30119104064 0 0 0
30119104099 0 0 0
30119104134 0 0 0
30119104169 0 0 0
30119104204 0 0 0
30119104239 0 0 0
30119104274 0 0 0
30119104309 0 0 0
30119104344 0 0 0
30119104379 0 0 0
30119104414 0 0 0
30119104449 0 0 0
30119104484 0 0 0
30119104519 0 0 0
30119104554 0 0 0
30119104589 0 0 0
30119104624 0 0 0
30119104659 0 0 0
30119104694 0 0 0
30119104729 0 0 0
30119104764 0 0 0
30119104799 0 0 0
30119104834 0 0 0
30119104869 0 0 0
30119104904 0 0 0
30119104939 0 0 0
30119104974 0 0 0
30119105009 0 0 0
30119105044 0 0 0
30119105079 0 0 0
30119105114 0 0 0
30119105149 237 0 1
30119105184 851 0 2
30119105219 571 0 1
30119105254 0 0 0
30119105289 0 0 0
30119105324 0 0 0
30119105359 0 0 0
30119105394 0 0 0
30119105429 0 0 0
30119105464 0 0 0
30119105499 0 0 0
30119105534 0 0 0
30119105569 0 0 0
30119105604 0 0 0
30119105639 0 0 0
30119105674 0 0 0
30119105709 0 0 0
30119105744 0 0 0
30119105779 0 0 0
30119105814 0 0 0
30119105849 0 0 0
30119105884 0 0 0
30119105919 0 0 0
30119105954 0 0 0
30119105989 0 0 0
30119106024 0 0 0
30119106059 0 0 0
30119106094 0 0 0
30119106129 0 0 0
30119106164 0 0 0
30119106199 0 0 0
30119106234 0 0 0
30119106269 0 0 0
30119106304 0 0 0
30119106339 0 0 0
30119106374 0 0 0
30119106409 0 0 0
30119106444 0 0 0
30119106479 0 0 0
30119106514 0 0 0
30119106549 0 0 0
30119106584 0 0 0
30119106619 0 0 0
30119106654 0 0 0
30119106689 0 0 0
30119106724 0 0 0
30119106759 0 0 0
30119106794 0 0 0
30119106829 0 0 0
30119106864 0 0 0
30119106899 0 0 1
25816377372 0 0 7
12908188701 0 0 9
read 1007 profiled data
