output_filename is output-22:12:47. Check that after the program finished.
try to open the char dev - node file..
10712 1 1 5
23144 1 3 9
33889 1 3 14
46616 1 3 19
46616 1 3 19
46616 1 3 19
46616 1 3 19
46616 1 3 19
46616 1 3 19
46616 1 3 19
46616 1 3 19
46616 1 3 19
46616 1 3 19
46616 1 3 19
46616 1 3 19
46616 1 3 19
46616 1 3 19
46616 1 3 19
46616 1 3 19
46616 1 3 19
46616 1 3 19
46616 1 3 19
46616 1 3 19
46616 1 3 19
46616 1 3 19
46616 1 3 19
46616 1 3 19
46616 1 3 19
46616 1 3 19
46616 1 3 19
46616 1 3 19
46616 1 3 19
46616 1 3 19
46616 1 3 19
46616 1 3 19
46616 1 3 19
46616 1 3 19
46616 1 3 19
46616 1 3 19
46616 1 3 19
46616 1 3 19
46616 1 3 19
46616 1 3 19
46616 1 3 19
46616 1 3 19
46616 1 3 19
46616 1 3 19
46616 1 3 19
46616 1 3 19
46616 1 3 19
46616 1 3 19
46616 1 3 19
46616 1 3 19
47309 1 3 20
58569 1 4 24
69057 1 4 29
79149 1 4 35
84147 1 5 36
84147 1 5 36
84147 1 5 36
84147 1 5 36
84147 1 5 36
84147 1 5 36
84147 1 5 36
84147 1 5 36
84147 1 5 36
84147 1 5 36
84147 1 5 36
84147 1 5 36
84147 1 5 36
84147 1 5 36
84147 1 5 36
84147 1 5 36
84147 1 5 36
84147 1 5 36
84147 1 5 36
84147 1 5 36
84147 1 5 36
84147 1 5 36
84147 1 5 36
84147 1 5 36
84147 1 5 36
84147 1 5 36
84147 1 5 36
84147 1 5 36
84147 1 5 36
84147 1 5 36
84147 1 5 36
84147 1 5 36
84147 1 5 36
84147 1 5 36
84147 1 5 36
84147 1 5 36
84147 1 5 36
84147 1 5 36
84147 1 5 36
84147 1 5 36
84147 1 5 36
84147 1 5 36
84147 1 5 36
84147 1 5 36
84147 1 5 36
84147 1 5 36
84147 1 5 36
84147 1 5 36
84147 1 5 36
84147 1 5 36
89144 1 6 39
97163 1 6 44
106640 1 7 49
115026 1 7 54
115026 1 7 54
115026 1 7 54
115026 1 7 54
115026 1 7 54
115026 1 7 54
115026 1 7 54
115026 1 7 54
115026 1 7 54
115026 1 7 54
115026 1 7 54
115026 1 7 54
115026 1 7 54
115026 1 7 54
115026 1 7 54
115026 1 7 54
115026 1 7 54
115026 1 7 54
115026 1 7 54
115026 1 7 54
115026 1 7 54
115026 1 7 54
115026 1 7 54
115026 1 7 54
115026 1 7 54
115026 1 7 54
115026 1 7 54
115026 1 7 54
115026 1 7 54
115026 1 7 54
115026 1 7 54
115026 1 7 54
115026 1 7 54
115026 1 7 54
115026 1 7 54
115026 1 7 54
115026 1 7 54
115026 1 7 54
115026 1 7 54
115026 1 7 54
115026 1 7 54
115026 1 7 54
115026 1 7 54
115026 1 7 54
115026 1 7 54
115026 1 7 54
115026 1 7 54
115026 1 7 54
115026 1 7 54
115026 1 7 54
115903 1 7 54
122907 1 7 60
131877 1 7 65
139760 1 8 69
140515 1 8 69
140515 1 8 69
140515 1 8 69
140515 1 8 69
140515 1 8 69
140515 1 8 69
140515 1 8 69
140515 1 8 69
140515 1 8 69
140515 1 8 69
140515 1 8 69
140515 1 8 69
140515 1 8 69
140515 1 8 69
140515 1 8 69
140515 1 8 69
140515 1 8 69
140515 1 8 69
140515 1 8 69
140515 1 8 69
140515 1 8 69
140515 1 8 69
140515 1 8 69
140515 1 8 69
140515 1 8 69
140515 1 8 69
140515 1 8 69
140515 1 8 69
140515 1 8 69
140515 1 8 69
140515 1 8 69
140515 1 8 69
140515 1 8 69
140515 1 8 69
140515 1 8 69
140515 1 8 69
140515 1 8 69
140515 1 8 69
140515 1 8 69
140515 1 8 69
140515 1 8 69
140515 1 8 69
140515 1 8 69
140515 1 8 69
140515 1 8 69
140515 1 8 69
140515 1 8 69
140515 1 8 69
140515 1 8 69
140515 1 8 69
146224 1 8 74
155180 1 8 80
161809 1 8 84
161809 1 8 84
161809 1 8 84
161809 1 8 84
161809 1 8 84
161809 1 8 84
161809 1 8 84
161809 1 8 84
161809 1 8 84
161809 1 8 84
161809 1 8 84
161809 1 8 84
161809 1 8 84
161809 1 8 84
161809 1 8 84
161809 1 8 84
161809 1 8 84
161809 1 8 84
161809 1 8 84
161809 1 8 84
161809 1 8 84
161809 1 8 84
161809 1 8 84
161809 1 8 84
161809 1 8 84
161809 1 8 84
161809 1 8 84
161809 1 8 84
161809 1 8 84
161809 1 8 84
161809 1 8 84
161809 1 8 84
161809 1 8 84
161809 1 8 84
161809 1 8 84
161809 1 8 84
161809 1 8 84
161809 1 8 84
161809 1 8 84
161809 1 8 84
161809 1 8 84
161809 1 8 84
161809 1 8 84
161809 1 8 84
161809 1 8 84
161809 1 8 84
161809 1 8 84
161809 1 8 84
161809 1 8 84
161809 1 8 84
162362 1 9 84
172132 1 11 88
179383 1 11 92
179383 1 11 92
179383 1 11 92
179383 1 11 92
179383 1 11 92
179383 1 11 92
179383 1 11 92
179383 1 11 92
179383 1 11 92
179383 1 11 92
179383 1 11 92
179383 1 11 92
179383 1 11 92
179383 1 11 92
179383 1 11 92
179383 1 11 92
179383 1 11 92
179383 1 11 92
179383 1 11 92
179383 1 11 92
179383 1 11 92
179383 1 11 92
179383 1 11 92
179383 1 11 92
179383 1 11 92
179383 1 11 92
179383 1 11 92
179383 1 11 92
179383 1 11 92
179383 1 11 92
179383 1 11 92
179383 1 11 92
179383 1 11 92
179383 1 11 92
179383 1 11 92
179383 1 11 92
179383 1 11 92
179383 1 11 92
179383 1 11 92
179383 1 11 92
179383 1 11 92
179383 1 11 92
179383 1 11 92
179383 1 11 92
179383 1 11 92
179383 1 11 92
179383 1 11 92
179383 1 11 92
179383 1 11 92
179383 1 11 92
179514 1 11 92
186002 1 11 98
193103 1 12 102
193775 1 12 102
193775 1 12 102
193775 1 12 102
193775 1 12 102
193775 1 12 102
193775 1 12 102
193775 1 12 102
193775 1 12 102
193775 1 12 102
193775 1 12 102
193775 1 12 102
193775 1 12 102
193775 1 12 102
193775 1 12 102
193775 1 12 102
193775 1 12 102
193775 1 12 102
193775 1 12 102
193775 1 12 102
193775 1 12 102
193775 1 12 102
193775 1 12 102
193775 1 12 102
193775 1 12 102
193775 1 12 102
193775 1 12 102
193775 1 12 102
193775 1 12 102
193775 1 12 102
193775 1 12 102
193775 1 12 102
193775 1 12 102
193775 1 12 102
193775 1 12 102
193775 1 12 102
193775 1 12 102
193775 1 12 102
193775 1 12 102
193775 1 12 102
193775 1 12 102
193775 1 12 102
193775 1 12 102
193775 1 12 102
193775 1 12 102
193775 1 12 102
193775 1 12 102
193775 1 12 102
193775 1 12 102
193775 1 12 102
193775 1 12 102
202697 1 13 107
205708 1 13 109
205708 1 13 109
205708 1 13 109
205708 1 13 109
205708 1 13 109
205708 1 13 109
205708 1 13 109
205708 1 13 109
205708 1 13 109
205708 1 13 109
205708 1 13 109
205708 1 13 109
205708 1 13 109
205708 1 13 109
205708 1 13 109
205708 1 13 109
205708 1 13 109
205708 1 13 109
205708 1 13 109
205708 1 13 109
205708 1 13 109
205708 1 13 109
205708 1 13 109
205708 1 13 109
205708 1 13 109
205708 1 13 109
205708 1 13 109
205708 1 13 109
205708 1 13 109
205708 1 13 109
205708 1 13 109
205708 1 13 109
205708 1 13 109
205708 1 13 109
205708 1 13 109
205708 1 13 109
205708 1 13 109
205708 1 13 109
205708 1 13 109
205708 1 13 109
205708 1 13 109
205708 1 13 109
205708 1 13 109
205708 1 13 109
205708 1 13 109
205708 1 13 109
205708 1 13 109
205708 1 13 109
205708 1 13 109
205708 1 13 109
211542 1 15 111
215652 1 16 113
215652 1 16 113
215652 1 16 113
215652 1 16 113
215652 1 16 113
215652 1 16 113
215652 1 16 113
215652 1 16 113
215652 1 16 113
215652 1 16 113
215652 1 16 113
215652 1 16 113
215652 1 16 113
215652 1 16 113
215652 1 16 113
215652 1 16 113
215652 1 16 113
215652 1 16 113
215652 1 16 113
215652 1 16 113
215652 1 16 113
215652 1 16 113
215652 1 16 113
215652 1 16 113
215652 1 16 113
215652 1 16 113
215652 1 16 113
215652 1 16 113
215652 1 16 113
215652 1 16 113
215652 1 16 113
215652 1 16 113
215652 1 16 113
215652 1 16 113
215652 1 16 113
215652 1 16 113
215652 1 16 113
215652 1 16 113
215652 1 16 113
215652 1 16 113
215652 1 16 113
215652 1 16 113
215652 1 16 113
215652 1 16 113
215652 1 16 113
215652 1 16 113
215652 1 16 113
215652 1 16 113
215652 1 16 113
215652 1 16 113
217560 1 16 115
223764 1 17 119
223764 1 17 119
223764 1 17 119
223764 1 17 119
223764 1 17 119
223764 1 17 119
223764 1 17 119
223764 1 17 119
223764 1 17 119
223764 1 17 119
223764 1 17 119
223764 1 17 119
223764 1 17 119
223764 1 17 119
223764 1 17 119
223764 1 17 119
223764 1 17 119
223764 1 17 119
223764 1 17 119
223764 1 17 119
223764 1 17 119
223764 1 17 119
223764 1 17 119
223764 1 17 119
223764 1 17 119
223764 1 17 119
223764 1 17 119
223764 1 17 119
223764 1 17 119
223764 1 17 119
223764 1 17 119
223764 1 17 119
223764 1 17 119
223764 1 17 119
223764 1 17 119
223764 1 17 119
223764 1 17 119
223764 1 17 119
223764 1 17 119
223764 1 17 119
223764 1 17 119
223764 1 17 119
223764 1 17 119
223764 1 17 119
223764 1 17 119
223764 1 17 119
223764 1 17 119
223764 1 17 119
223764 1 17 119
223764 1 17 119
223764 1 17 119
230450 1 17 124
230450 1 17 124
230450 1 17 124
230450 1 17 124
230450 1 17 124
230450 1 17 124
230450 1 17 124
230450 1 17 124
230450 1 17 124
230450 1 17 124
230450 1 17 124
230450 1 17 124
230450 1 17 124
230450 1 17 124
230450 1 17 124
230450 1 17 124
230450 1 17 124
230450 1 17 124
230450 1 17 124
230450 1 17 124
230450 1 17 124
230450 1 17 124
230450 1 17 124
230450 1 17 124
230450 1 17 124
230450 1 17 124
230450 1 17 124
230450 1 17 124
230450 1 17 124
230450 1 17 124
230450 1 17 124
230450 1 17 124
230450 1 17 124
230450 1 17 124
230450 1 17 124
230450 1 17 124
230450 1 17 124
230450 1 17 124
230450 1 17 124
230450 1 17 124
230450 1 17 124
230450 1 17 124
230450 1 17 124
230450 1 17 124
230450 1 17 124
230450 1 17 124
230450 1 17 124
230450 1 17 124
230450 1 17 124
230450 1 17 124
231443 1 18 124
235974 1 19 127
235974 1 19 127
235974 1 19 127
235974 1 19 127
235974 1 19 127
235974 1 19 127
235974 1 19 127
235974 1 19 127
235974 1 19 127
235974 1 19 127
235974 1 19 127
235974 1 19 127
235974 1 19 127
235974 1 19 127
235974 1 19 127
235974 1 19 127
235974 1 19 127
235974 1 19 127
235974 1 19 127
235974 1 19 127
235974 1 19 127
235974 1 19 127
235974 1 19 127
235974 1 19 127
235974 1 19 127
235974 1 19 127
235974 1 19 127
235974 1 19 127
235974 1 19 127
235974 1 19 127
235974 1 19 127
235974 1 19 127
235974 1 19 127
235974 1 19 127
235974 1 19 127
235974 1 19 127
235974 1 19 127
235974 1 19 127
235974 1 19 127
235974 1 19 127
235974 1 19 127
235974 1 19 127
235974 1 19 127
235974 1 19 127
235974 1 19 127
235974 1 19 127
235974 1 19 127
235974 1 19 127
235974 1 19 127
235974 1 19 127
236864 1 20 127
240607 1 21 129
240607 1 21 129
240607 1 21 129
240607 1 21 129
240607 1 21 129
240607 1 21 129
240607 1 21 129
240607 1 21 129
240607 1 21 129
240607 1 21 129
240607 1 21 129
240607 1 21 129
240607 1 21 129
240607 1 21 129
240607 1 21 129
240607 1 21 129
240607 1 21 129
240607 1 21 129
240607 1 21 129
240607 1 21 129
240607 1 21 129
240607 1 21 129
240607 1 21 129
240607 1 21 129
240607 1 21 129
240607 1 21 129
240607 1 21 129
240607 1 21 129
240607 1 21 129
240607 1 21 129
240607 1 21 129
240607 1 21 129
240607 1 21 129
240607 1 21 129
240607 1 21 129
240607 1 21 129
240607 1 21 129
240607 1 21 129
240607 1 21 129
240607 1 21 129
240607 1 21 129
240607 1 21 129
240607 1 21 129
240607 1 21 129
240607 1 21 129
240607 1 21 129
240607 1 21 129
240607 1 21 129
240607 1 21 129
240607 1 21 129
242503 1 21 132
244430 1 22 132
244430 1 22 132
244430 1 22 132
244430 1 22 132
244430 1 22 132
244430 1 22 132
244430 1 22 132
244430 1 22 132
244430 1 22 132
244430 1 22 132
244430 1 22 132
244430 1 22 132
244430 1 22 132
244430 1 22 132
244430 1 22 132
244430 1 22 132
244430 1 22 132
244430 1 22 132
244430 1 22 132
244430 1 22 132
244430 1 22 132
244430 1 22 132
244430 1 22 132
244430 1 22 132
244430 1 22 132
244430 1 22 132
244430 1 22 132
244430 1 22 132
244430 1 22 132
244430 1 22 132
244430 1 22 132
244430 1 22 132
244430 1 22 132
244430 1 22 132
244430 1 22 132
244430 1 22 132
244430 1 22 132
244430 1 22 132
244430 1 22 132
244430 1 22 132
244430 1 22 132
244430 1 22 132
244430 1 22 132
244430 1 22 132
244430 1 22 132
244430 1 22 132
244430 1 22 132
244430 1 22 132
244430 1 22 132
244430 1 22 132
247209 1 24 134
247488 1 24 134
247488 1 24 134
247488 1 24 134
247488 1 24 134
247488 1 24 134
247488 1 24 134
247488 1 24 134
247488 1 24 134
247488 1 24 134
247488 1 24 134
247488 1 24 134
247488 1 24 134
247488 1 24 134
247488 1 24 134
247488 1 24 134
247488 1 24 134
247488 1 24 134
247488 1 24 134
247488 1 24 134
247488 1 24 134
247488 1 24 134
247488 1 24 134
247488 1 24 134
247488 1 24 134
247488 1 24 134
247488 1 24 134
247488 1 24 134
247488 1 24 134
247488 1 24 134
247488 1 24 134
247488 1 24 134
247488 1 24 134
247488 1 24 134
247488 1 24 134
247488 1 24 134
247488 1 24 134
247488 1 24 134
247488 1 24 134
247488 1 24 134
247488 1 24 134
247488 1 24 134
247488 1 24 134
247488 1 24 134
247488 1 24 134
247488 1 24 134
247488 1 24 134
247488 1 24 134
247488 1 24 134
247488 1 24 134
247488 1 24 134
250076 1 25 136
250076 1 25 136
250076 1 25 136
250076 1 25 136
250076 1 25 136
250076 1 25 136
250076 1 25 136
250076 1 25 136
250076 1 25 136
250076 1 25 136
250076 1 25 136
250076 1 25 136
250076 1 25 136
250076 1 25 136
250076 1 25 136
250076 1 25 136
250076 1 25 136
250076 1 25 136
250076 1 25 136
250076 1 25 136
250076 1 25 136
250076 1 25 136
250076 1 25 136
250076 1 25 136
250076 1 25 136
250076 1 25 136
250076 1 25 136
250076 1 25 136
250076 1 25 136
250076 1 25 136
250076 1 25 136
250076 1 25 136
250076 1 25 136
250076 1 25 136
250076 1 25 136
250076 1 25 136
250076 1 25 136
250076 1 25 136
250076 1 25 136
250076 1 25 136
250076 1 25 136
250076 1 25 136
250076 1 25 136
250076 1 25 136
250076 1 25 136
250076 1 25 136
250076 1 25 136
250076 1 25 136
250076 1 25 136
250076 1 25 136
251084 1 26 137
252173 1 27 137
252173 1 27 137
252173 1 27 137
252173 1 27 137
252173 1 27 137
252173 1 27 137
252173 1 27 137
252173 1 27 137
252173 1 27 137
252173 1 27 137
252173 1 27 137
252173 1 27 137
252173 1 27 137
252173 1 27 137
252173 1 27 137
252173 1 27 137
252173 1 27 137
252173 1 27 137
252173 1 27 137
252173 1 27 137
252173 1 27 137
252173 1 27 137
252173 1 27 137
252173 1 27 137
252173 1 27 137
252173 1 27 137
252173 1 27 137
252173 1 27 137
252173 1 27 137
252173 1 27 137
252173 1 27 137
252173 1 27 137
252173 1 27 137
252173 1 27 137
252173 1 27 137
252173 1 27 137
252173 1 27 137
252173 1 27 137
252173 1 27 137
252173 1 27 137
252173 1 27 137
252173 1 27 137
252173 1 27 137
252173 1 27 137
252173 1 27 137
252173 1 27 137
252173 1 27 137
252173 1 27 137
252173 1 27 137
252173 1 27 137
253887 1 28 139
253887 1 28 139
253887 1 28 139
253887 1 28 139
253887 1 28 139
253887 1 28 139
253887 1 28 139
253887 1 28 139
253887 1 28 139
253887 1 28 139
253887 1 28 139
253887 1 28 139
253887 1 28 139
253887 1 28 139
253887 1 28 139
253887 1 28 139
253887 1 28 139
253887 1 28 139
253887 1 28 139
253887 1 28 139
253887 1 28 139
253887 1 28 139
253887 1 28 139
253887 1 28 139
253887 1 28 139
253887 1 28 139
253887 1 28 139
253887 1 28 139
253887 1 28 139
253887 1 28 139
253887 1 28 139
253887 1 28 139
253887 1 28 139
253887 1 28 139
253887 1 28 139
253887 1 28 139
253887 1 28 139
253887 1 28 139
253887 1 28 139
253887 1 28 139
253887 1 28 139
253887 1 28 139
253887 1 28 139
253887 1 28 139
253887 1 28 139
253887 1 28 139
253887 1 28 139
253887 1 28 139
253887 1 28 139
253887 1 28 139
254214 1 29 139
255325 1 30 139
255325 1 30 139
255325 1 30 139
255325 1 30 139
255325 1 30 139
255325 1 30 139
255325 1 30 139
255325 1 30 139
255325 1 30 139
255325 1 30 139
255325 1 30 139
255325 1 30 139
255325 1 30 139
255325 1 30 139
255325 1 30 139
255325 1 30 139
255325 1 30 139
255325 1 30 139
255325 1 30 139
255325 1 30 139
255325 1 30 139
255325 1 30 139
255325 1 30 139
255325 1 30 139
255325 1 30 139
255325 1 30 139
255325 1 30 139
255325 1 30 139
255325 1 30 139
255325 1 30 139
255325 1 30 139
255325 1 30 139
255325 1 30 139
255325 1 30 139
255325 1 30 139
255325 1 30 139
255325 1 30 139
255325 1 30 139
255325 1 30 139
255325 1 30 139
255325 1 30 139
255325 1 30 139
255325 1 30 139
255325 1 30 139
255325 1 30 139
255325 1 30 139
255325 1 30 139
255325 1 30 139
255325 1 30 139
255325 1 30 139
256476 1 32 139
256476 1 32 139
256476 1 32 139
256476 1 32 139
256476 1 32 139
256476 1 32 139
256476 1 32 139
256476 1 32 139
256476 1 32 139
256476 1 32 139
256476 1 32 139
256476 1 32 139
256476 1 32 139
256476 1 32 139
256476 1 32 139
256476 1 32 139
256476 1 32 139
256476 1 32 139
256476 1 32 139
256476 1 32 139
256476 1 32 139
256476 1 32 139
256476 1 32 139
256476 1 32 139
256476 1 32 139
256476 1 32 139
256476 1 32 139
256476 1 32 139
256476 1 32 139
256476 1 32 139
256476 1 32 139
256476 1 32 139
256476 1 32 139
256476 1 32 139
256476 1 32 139
256476 1 32 139
256476 1 32 139
256476 1 32 139
256476 1 32 139
256476 1 32 139
256476 1 32 139
256476 1 32 139
256476 1 32 139
256476 1 32 139
256476 1 32 139
256476 1 32 139
256476 1 32 139
256476 1 32 139
256476 1 32 139
256476 1 32 139
256476 1 32 140
256476 1 32 145
256476 1 32 151
256476 1 32 156
read 1035 profiled data
