output_filename is output-11:12:35. Check that after the program finished.
try to open the char dev - node file..
21513673100 28884 0 11
34421877000 31952 0 16
38724611670 23800 0 8
38724611715 277 0 0
38724611760 0 0 0
38724611805 0 0 0
38724611850 0 0 0
38724611895 0 0 0
38724611940 0 0 0
38724611985 0 0 0
38724612030 0 0 0
38724612075 0 0 0
38724612120 0 0 0
38724612165 0 0 0
38724612210 0 0 0
38724612255 0 0 0
38724612300 0 0 0
38724612345 0 0 0
38724612390 0 0 0
38724612435 0 0 0
38724612480 0 0 0
38724612525 0 0 0
38724612570 0 0 0
38724612615 0 0 0
38724612660 0 0 0
38724612705 0 0 0
38724612750 0 0 0
38724612795 0 0 0
38724612840 0 0 0
38724612885 0 0 0
38724612930 0 0 0
38724612975 0 0 0
38724613020 0 0 0
38724613065 0 0 0
38724613110 0 0 0
38724613155 0 0 0
38724613200 0 0 0
38724613245 0 0 0
38724613290 0 0 0
38724613335 0 0 0
38724613380 0 0 0
38724613425 0 0 0
38724613470 0 0 0
38724613515 0 0 0
38724613560 0 0 0
38724613605 0 0 0
38724613650 0 0 0
38724613695 0 0 0
38724613740 0 0 0
38724613785 0 0 0
38724613830 0 0 0
38724613875 25375 0 10
38724613920 31299 0 12
38724613965 10151 0 4
38724614010 0 0 0
38724614055 0 0 0
38724614109 0 0 0
38724614154 0 0 0
38724614199 0 0 0
38724614244 0 0 0
38724614289 0 0 0
38724614334 0 0 0
38724614379 0 0 0
38724614424 0 0 0
38724614469 0 0 0
38724614514 0 0 0
38724614559 0 0 0
38724614604 0 0 0
38724614649 0 0 0
38724614694 0 0 0
38724614739 0 0 0
38724614784 0 0 0
38724614829 0 0 0
38724614874 0 0 0
38724614919 0 0 0
38724614964 0 0 0
38724615009 0 0 0
38724615054 0 0 0
38724615099 0 0 0
38724615144 0 0 0
38724615189 0 0 0
38724615234 0 0 0
38724615279 0 0 0
38724615324 0 0 0
38724615369 0 0 0
38724615414 0 0 0
38724615459 0 0 0
38724615504 0 0 0
38724615549 0 0 0
38724615594 0 0 0
38724615639 0 0 0
38724615684 0 0 0
38724615729 0 0 0
38724615774 0 0 0
38724615819 0 0 0
38724615864 0 0 0
38724615909 0 0 0
38724615954 0 0 0
38724615999 0 0 0
38724616044 0 0 0
38724616089 0 0 0
38724616134 16907 0 8
38724616179 22215 0 7
38724616224 15301 0 5
38724616269 0 0 0
38724616314 0 0 0
38724616359 0 0 0
38724616404 0 0 0
38724616449 0 0 0
38724616494 0 0 0
38724616539 0 0 0
38724616584 0 0 0
38724616629 0 0 0
38724616674 0 0 0
38724616719 0 0 0
38724616764 0 0 0
38724616809 0 0 0
38724616854 0 0 0
38724616899 0 0 0
38724616944 0 0 0
38724616989 0 0 0
38724617034 0 0 0
38724617079 0 0 0
38724617124 0 0 0
38724617169 0 0 0
38724617214 0 0 0
38724617259 0 0 0
38724617304 0 0 0
38724617349 0 0 0
38724617394 0 0 0
38724617439 0 0 0
38724617484 0 0 0
38724617529 0 0 0
38724617574 0 0 0
38724617619 0 0 0
38724617664 0 0 0
38724617709 0 0 0
38724617754 0 0 0
38724617799 0 0 0
38724617844 0 0 0
38724617889 0 0 0
38724617934 0 0 0
38724617979 0 0 0
38724618024 0 0 0
38724618069 0 0 0
38724618114 0 0 0
38724618159 0 0 0
38724618204 0 0 0
38724618249 0 0 0
38724618294 0 0 0
38724618339 0 0 0
38724618384 1995 0 1
38724618438 29264 0 10
38724618483 13279 0 6
38724618528 957 0 0
38724618573 0 0 0
38724618618 0 0 0
38724618663 0 0 0
38724618708 0 0 0
38724618753 0 0 0
38724618798 0 0 0
38724618843 0 0 0
38724618888 0 0 0
38724618933 0 0 0
38724618978 0 0 0
38724619023 0 0 0
38724619068 0 0 0
38724619113 0 0 0
38724619158 0 0 0
38724619203 0 0 0
38724619248 0 0 0
38724619293 0 0 0
38724619338 0 0 0
38724619383 0 0 0
38724619428 0 0 0
38724619473 0 0 0
38724619518 0 0 0
38724619563 0 0 0
38724619608 0 0 0
38724619653 0 0 0
38724619698 0 0 0
38724619743 0 0 0
38724619788 0 0 0
38724619833 0 0 0
38724619878 0 0 0
38724619923 0 0 0
38724619968 0 0 0
38724620013 0 0 0
38724620058 0 0 0
38724620103 0 0 0
38724620148 0 0 0
38724620193 0 0 0
38724620238 0 0 0
38724620283 0 0 0
38724620328 0 0 0
38724620373 0 0 0
38724620418 0 0 0
38724620463 0 0 0
38724620508 0 0 0
38724620553 0 0 0
38724620598 0 0 0
38724620643 0 0 0
38724620688 15698 0 6
38724620733 17102 0 6
38724620778 4100 0 2
38724620823 0 0 0
38724620868 0 0 0
38724620913 0 0 0
38724620958 0 0 0
38724621003 0 0 0
38724621048 0 0 0
38724621093 0 0 0
38724621138 0 0 0
38724621183 0 0 0
38724621228 0 0 0
38724621273 0 0 0
38724621318 0 0 0
38724621363 0 0 0
38724621408 0 0 0
38724621453 0 0 0
38724621498 0 0 0
38724621543 0 0 0
38724621588 0 0 0
38724621633 0 0 0
38724621678 0 0 0
38724621723 0 0 0
38724621768 0 0 0
38724621813 0 0 0
38724621858 0 0 0
38724621903 0 0 0
38724621948 0 0 0
38724621993 0 0 0
38724622038 0 0 0
38724622083 0 0 0
38724622128 0 0 0
38724622173 0 0 0
38724622218 0 0 0
38724622263 0 0 0
38724622308 0 0 0
38724622353 0 0 0
38724622398 0 0 0
38724622443 0 0 0
38724622488 0 0 0
38724622533 0 0 0
38724622578 0 0 0
38724622623 0 0 0
38724622668 0 0 0
38724622713 0 0 0
38724622758 0 0 0
38724622803 0 0 0
38724622848 0 0 0
38724622893 0 0 0
38724622938 10314 0 5
38724622983 14111 0 6
38724623028 6517 0 2
38724623073 0 0 0
38724623118 0 0 0
38724623163 0 0 0
38724623208 0 0 0
38724623253 0 0 0
38724623298 0 0 0
38724623343 0 0 0
38724623388 0 0 0
38724623433 0 0 0
38724623478 0 0 0
38724623523 0 0 0
38724623568 0 0 0
38724623613 0 0 0
38724623658 0 0 0
38724623703 0 0 0
38724623748 0 0 0
38724623793 0 0 0
38724623838 0 0 0
38724623883 0 0 0
38724623928 0 0 0
38724623973 0 0 0
38724624018 0 0 0
38724624063 0 0 0
38724624108 0 0 0
38724624153 0 0 0
38724624198 0 0 0
38724624243 0 0 0
38724624288 0 0 0
38724624333 0 0 0
38724624378 0 0 0
38724624423 0 0 0
38724624468 0 0 0
38724624513 0 0 0
38724624558 0 0 0
38724624603 0 0 0
38724624648 0 0 0
38724624693 0 0 0
38724624738 0 0 0
38724624783 0 0 0
38724624828 0 0 0
38724624873 0 0 0
38724624918 0 0 0
38724624963 0 0 0
38724625008 0 0 0
38724625053 0 0 0
38724625098 0 0 0
38724625143 0 0 0
38724625188 6919 0 3
38724625233 9923 0 4
38724625278 8421 0 3
38724625323 0 0 0
38724625368 0 0 0
38724625413 0 0 0
38724625458 0 0 0
38724625503 0 0 0
38724625548 0 0 0
38724625593 0 0 0
38724625638 0 0 0
38724625683 0 0 0
38724625728 0 0 0
38724625773 0 0 0
38724625818 0 0 0
38724625863 0 0 0
38724625908 0 0 0
38724625953 0 0 0
38724625998 0 0 0
38724626043 0 0 0
38724626088 0 0 0
38724626133 0 0 0
38724626178 0 0 0
38724626223 0 0 0
38724626268 0 0 0
38724626313 0 0 0
38724626358 0 0 0
38724626403 0 0 0
38724626448 0 0 0
38724626493 0 0 0
38724626538 0 0 0
38724626583 0 0 0
38724626628 0 0 0
38724626673 0 0 0
38724626718 0 0 0
38724626763 0 0 0
38724626808 0 0 0
38724626853 0 0 0
38724626898 0 0 0
38724626943 0 0 0
38724626988 0 0 0
38724627033 0 0 0
38724627078 0 0 0
38724627123 0 0 0
38724627168 0 0 0
38724627213 0 0 0
38724627258 0 0 0
38724627303 0 0 0
38724627348 0 0 0
38724627393 0 0 0
38724627438 1010 0 1
38724627492 12880 0 5
38724627537 6945 0 3
38724627582 0 0 0
38724627627 0 0 0
38724627672 0 0 0
38724627717 0 0 0
38724627762 0 0 0
38724627807 0 0 0
38724627852 0 0 0
38724627897 0 0 0
38724627942 0 0 0
38724627987 0 0 0
38724628032 0 0 0
38724628077 0 0 0
38724628122 0 0 0
38724628167 0 0 0
38724628212 0 0 0
38724628257 0 0 0
38724628302 0 0 0
38724628347 0 0 0
38724628392 0 0 0
38724628437 0 0 0
38724628482 0 0 0
38724628527 0 0 0
38724628572 0 0 0
38724628617 0 0 0
38724628662 0 0 0
38724628707 0 0 0
38724628752 0 0 0
38724628797 0 0 0
38724628842 0 0 0
38724628887 0 0 0
38724628932 0 0 0
38724628977 0 0 0
38724629022 0 0 0
38724629067 0 0 0
38724629112 0 0 0
38724629157 0 0 0
38724629202 0 0 0
38724629247 0 0 0
38724629292 0 0 0
38724629337 0 0 0
38724629382 0 0 0
38724629427 0 0 0
38724629472 0 0 0
38724629517 0 0 0
38724629562 0 0 0
38724629607 0 0 0
38724629652 0 0 0
38724629697 700 0 1
38724629751 10544 0 5
38724629796 5622 0 3
38724629841 0 0 0
38724629886 0 0 0
38724629931 0 0 0
38724629976 0 0 0
38724630021 0 0 0
38724630066 0 0 0
38724630111 0 0 0
38724630156 0 0 0
38724630201 0 0 0
38724630246 0 0 0
38724630291 0 0 0
38724630336 0 0 0
38724630381 0 0 0
38724630426 0 0 0
38724630471 0 0 0
38724630516 0 0 0
38724630561 0 0 0
38724630606 0 0 0
38724630651 0 0 0
38724630696 0 0 0
38724630741 0 0 0
38724630786 0 0 0
38724630831 0 0 0
38724630876 0 0 0
38724630921 0 0 0
38724630966 0 0 0
38724631011 0 0 0
38724631056 0 0 0
38724631101 0 0 0
38724631146 0 0 0
38724631191 0 0 0
38724631236 0 0 0
38724631281 0 0 0
38724631326 0 0 0
38724631371 0 0 0
38724631416 0 0 0
38724631461 0 0 0
38724631506 0 0 0
38724631551 0 0 0
38724631596 0 0 0
38724631641 0 0 0
38724631686 0 0 0
38724631731 0 0 0
38724631776 0 0 0
38724631821 0 0 0
38724631866 0 0 0
38724631911 0 0 0
38724631956 701 0 1
38724632010 8911 0 4
38724632055 4806 0 3
38724632100 0 0 0
38724632145 0 0 0
38724632190 0 0 0
38724632235 0 0 0
38724632280 0 0 0
38724632325 0 0 0
38724632370 0 0 0
38724632415 0 0 0
38724632460 0 0 0
38724632505 0 0 0
38724632550 0 0 0
38724632595 0 0 0
38724632640 0 0 0
38724632685 0 0 0
38724632730 0 0 0
38724632775 0 0 0
38724632820 0 0 0
38724632865 0 0 0
38724632910 0 0 0
38724632955 0 0 0
38724633000 0 0 0
38724633045 0 0 0
38724633090 0 0 0
38724633135 0 0 0
38724633180 0 0 0
38724633225 0 0 0
38724633270 0 0 0
38724633315 0 0 0
38724633360 0 0 0
38724633405 0 0 0
38724633450 0 0 0
38724633495 0 0 0
38724633540 0 0 0
38724633585 0 0 0
38724633630 0 0 0
38724633675 0 0 0
38724633720 0 0 0
38724633765 0 0 0
38724633810 0 0 0
38724633855 0 0 0
38724633900 0 0 0
38724633945 0 0 0
38724633990 0 0 0
38724634035 0 0 0
38724634080 0 0 0
38724634125 0 0 0
38724634170 0 0 0
38724634215 515 0 1
38724634269 7031 0 5
38724634323 3722 0 3
38724634368 0 0 0
38724634413 0 0 0
38724634458 0 0 0
38724634503 0 0 0
38724634548 0 0 0
38724634593 0 0 0
38724634638 0 0 0
38724634683 0 0 0
38724634728 0 0 0
38724634773 0 0 0
38724634818 0 0 0
38724634863 0 0 0
38724634908 0 0 0
38724634953 0 0 0
38724634998 0 0 0
38724635043 0 0 0
38724635088 0 0 0
38724635133 0 0 0
38724635178 0 0 0
38724635223 0 0 0
38724635268 0 0 0
38724635313 0 0 0
38724635358 0 0 0
38724635403 0 0 0
38724635448 0 0 0
38724635493 0 0 0
38724635538 0 0 0
38724635583 0 0 0
38724635628 0 0 0
38724635673 0 0 0
38724635718 0 0 0
38724635763 0 0 0
38724635808 0 0 0
38724635853 0 0 0
38724635898 0 0 0
38724635943 0 0 0
38724635988 0 0 0
38724636033 0 0 0
38724636078 0 0 0
38724636123 0 0 0
38724636168 0 0 0
38724636213 0 0 0
38724636258 0 0 0
38724636303 0 0 0
38724636348 0 0 0
38724636393 0 0 0
38724636438 0 0 0
38724636483 2690 0 3
38724636528 3202 0 2
38724636573 2946 0 3
38724636618 0 0 0
38724636663 0 0 0
38724636708 0 0 0
38724636753 0 0 0
38724636798 0 0 0
38724636843 0 0 0
38724636888 0 0 0
38724636933 0 0 0
38724636978 0 0 0
38724637023 0 0 0
38724637068 0 0 0
38724637113 0 0 0
38724637158 0 0 0
38724637203 0 0 0
38724637248 0 0 0
38724637293 0 0 0
38724637338 0 0 0
38724637383 0 0 0
38724637428 0 0 0
38724637473 0 0 0
38724637518 0 0 0
38724637563 0 0 0
38724637608 0 0 0
38724637653 0 0 0
38724637698 0 0 0
38724637743 0 0 0
38724637788 0 0 0
38724637833 0 0 0
38724637878 0 0 0
38724637923 0 0 0
38724637968 0 0 0
38724638013 0 0 0
38724638058 0 0 0
38724638103 0 0 0
38724638148 0 0 0
38724638193 0 0 0
38724638238 0 0 0
38724638283 0 0 0
38724638328 0 0 0
38724638373 0 0 0
38724638418 0 0 0
38724638463 0 0 0
38724638508 0 0 0
38724638553 0 0 0
38724638598 0 0 0
38724638643 0 0 0
38724638688 0 0 0
38724638733 189 0 1
38724638778 3875 0 5
38724638823 3698 0 4
38724638868 310 0 0
38724638913 0 0 0
38724638958 0 0 0
38724639003 0 0 0
38724639048 0 0 0
38724639093 0 0 0
38724639138 0 0 0
38724639183 0 0 0
38724639228 0 0 0
38724639273 0 0 0
38724639318 0 0 0
38724639363 0 0 0
38724639408 0 0 0
38724639453 0 0 0
38724639498 0 0 0
38724639543 0 0 0
38724639588 0 0 0
38724639633 0 0 0
38724639678 0 0 0
38724639723 0 0 0
38724639768 0 0 0
38724639813 0 0 0
38724639858 0 0 0
38724639903 0 0 0
38724639948 0 0 0
38724639993 0 0 0
38724640038 0 0 0
38724640083 0 0 0
38724640128 0 0 0
38724640173 0 0 0
38724640218 0 0 0
38724640263 0 0 0
38724640308 0 0 0
38724640353 0 0 0
38724640398 0 0 0
38724640443 0 0 0
38724640488 0 0 0
38724640533 0 0 0
38724640578 0 0 0
38724640623 0 0 0
38724640668 0 0 0
38724640713 0 0 0
38724640758 0 0 0
38724640803 0 0 0
38724640848 0 0 0
38724640893 0 0 0
38724640938 0 0 0
38724640983 0 0 0
38724641028 2884 0 4
38724641073 2884 0 3
38724641118 721 0 1
38724641163 0 0 0
38724641208 0 0 0
38724641253 0 0 0
38724641298 0 0 0
38724641343 0 0 0
38724641388 0 0 0
38724641433 0 0 0
38724641478 0 0 0
38724641523 0 0 0
38724641568 0 0 0
38724641613 0 0 0
38724641658 0 0 0
38724641703 0 0 0
38724641748 0 0 0
38724641793 0 0 0
38724641838 0 0 0
38724641883 0 0 0
38724641928 0 0 0
38724641973 0 0 0
38724642018 0 0 0
38724642063 0 0 0
38724642108 0 0 0
38724642153 0 0 0
38724642198 0 0 0
38724642243 0 0 0
38724642288 0 0 0
38724642333 0 0 0
38724642378 0 0 0
38724642423 0 0 0
38724642468 0 0 0
38724642513 0 0 0
38724642558 0 0 0
38724642603 0 0 0
38724642648 0 0 0
38724642693 0 0 0
38724642738 0 0 0
38724642783 0 0 0
38724642828 0 0 0
38724642873 0 0 0
38724642918 0 0 0
38724642963 0 0 0
38724643008 0 0 0
38724643053 0 0 0
38724643098 0 0 0
38724643143 0 0 0
38724643188 0 0 0
38724643233 0 0 0
38724643278 2484 0 4
38724643323 2484 0 3
38724643368 621 0 1
38724643413 0 0 0
38724643458 0 0 0
38724643503 0 0 0
38724643548 0 0 0
38724643593 0 0 0
38724643638 0 0 0
38724643683 0 0 0
38724643728 0 0 0
38724643773 0 0 0
38724643818 0 0 0
38724643863 0 0 0
38724643908 0 0 0
38724643953 0 0 0
38724643998 0 0 0
38724644043 0 0 0
38724644088 0 0 0
38724644133 0 0 0
38724644178 0 0 0
38724644223 0 0 0
38724644268 0 0 0
38724644313 0 0 0
38724644358 0 0 0
38724644403 0 0 0
38724644448 0 0 0
38724644493 0 0 0
38724644538 0 0 0
38724644583 0 0 0
38724644628 0 0 0
38724644673 0 0 0
38724644718 0 0 0
38724644763 0 0 0
38724644808 0 0 0
38724644853 0 0 0
38724644898 0 0 0
38724644943 0 0 0
38724644988 0 0 0
38724645033 0 0 0
38724645078 0 0 0
38724645123 0 0 0
38724645168 0 0 0
38724645213 0 0 0
38724645258 0 0 0
38724645303 0 0 0
38724645348 0 0 0
38724645393 0 0 0
38724645438 0 0 0
38724645483 0 0 0
38724645528 1527 0 3
38724645573 2159 0 3
38724645618 643 0 1
38724645663 0 0 0
38724645708 0 0 0
38724645753 0 0 0
38724645798 0 0 0
38724645843 0 0 0
38724645888 0 0 0
38724645933 0 0 0
38724645978 0 0 0
38724646023 0 0 0
38724646068 0 0 0
38724646113 0 0 0
38724646158 0 0 0
38724646203 0 0 0
38724646248 0 0 0
38724646293 0 0 0
38724646338 0 0 0
38724646383 0 0 0
38724646428 0 0 0
38724646473 0 0 0
38724646518 0 0 0
38724646563 0 0 0
38724646608 0 0 0
38724646653 0 0 0
38724646698 0 0 0
38724646743 0 0 0
38724646788 0 0 0
38724646833 0 0 0
38724646878 0 0 0
38724646923 0 0 0
38724646968 0 0 0
38724647013 0 0 0
38724647058 0 0 0
38724647103 0 0 0
38724647148 0 0 0
38724647193 0 0 0
38724647238 0 0 0
38724647283 0 0 0
38724647328 0 0 0
38724647373 0 0 0
38724647418 0 0 0
38724647463 0 0 0
38724647508 0 0 0
38724647553 0 0 0
38724647598 0 0 0
38724647643 0 0 0
38724647688 0 0 0
38724647733 0 0 0
38724647778 1186 0 2
38724647823 1600 0 2
38724647868 796 0 1
38724647913 0 0 0
38724647958 0 0 0
38724648003 0 0 0
38724648048 0 0 0
38724648093 0 0 0
38724648138 0 0 0
38724648183 0 0 0
38724648228 0 0 0
38724648273 0 0 0
38724648318 0 0 0
38724648363 0 0 0
38724648408 0 0 0
38724648453 0 0 0
38724648498 0 0 0
38724648543 0 0 0
38724648588 0 0 0
38724648633 0 0 0
38724648678 0 0 0
38724648723 0 0 0
38724648768 0 0 0
38724648813 0 0 0
38724648858 0 0 0
38724648903 0 0 0
38724648948 0 0 0
38724648993 0 0 0
38724649038 0 0 0
38724649083 0 0 0
38724649128 0 0 0
38724649173 0 0 0
38724649218 0 0 0
38724649263 0 0 0
38724649308 0 0 0
38724649353 0 0 0
38724649398 0 0 0
38724649443 0 0 0
38724649488 0 0 0
38724649533 0 0 0
38724649578 0 0 0
38724649623 0 0 0
38724649668 0 0 0
38724649713 0 0 0
38724649758 0 0 0
38724649803 0 0 0
38724649848 0 0 0
38724649893 0 0 0
38724649938 0 0 0
38724649983 0 0 0
38724650028 152 0 1
38724650073 2277 0 4
38724650127 694 0 2
38724650172 0 0 0
38724650217 0 0 0
38724650262 0 0 0
38724650307 0 0 0
38724650352 0 0 0
38724650397 0 0 0
38724650442 0 0 0
38724650487 0 0 0
38724650532 0 0 0
38724650577 0 0 0
38724650622 0 0 0
38724650667 0 0 0
38724650712 0 0 0
38724650757 0 0 0
38724650802 0 0 0
38724650847 0 0 0
38724650892 0 0 0
38724650937 0 0 0
38724650982 0 0 0
38724651036 0 0 0
38724651081 0 0 0
38724651126 0 0 0
38724651171 0 0 0
38724651216 0 0 0
38724651261 0 0 0
38724651306 0 0 0
38724651351 0 0 0
38724651396 0 0 0
38724651441 0 0 0
38724651486 0 0 0
38724651531 0 0 0
38724651576 0 0 0
38724651621 0 0 0
38724651666 0 0 0
38724651711 0 0 0
38724651756 0 0 0
38724651801 0 0 0
38724651846 0 0 0
38724651891 0 0 0
38724651936 0 0 0
38724651981 0 0 0
38724652026 0 0 0
38724652071 0 0 0
38724652116 0 0 0
38724652161 0 0 0
38724652206 0 0 0
38724652251 0 0 0
38724652296 747 0 0
38724652341 1086 0 2
38724652386 408 0 0
38724652431 0 0 0
38724652476 0 0 0
38724652521 0 0 0
38724652566 0 0 0
38724652611 0 0 0
38724652656 0 0 0
38724652701 0 0 0
38724652746 0 0 0
38724652791 0 0 0
38724652836 0 0 0
38724652881 0 0 0
38724652926 0 0 0
38724652971 0 0 0
38724653016 0 0 0
38724653061 0 0 0
38724653106 0 0 0
38724653151 0 0 0
38724653196 0 0 0
38724653241 0 0 0
38724653286 0 0 0
38724653331 0 0 0
38724653376 0 0 0
38724653421 0 0 0
38724653466 0 0 0
38724653511 0 0 0
38724653556 0 0 0
38724653601 0 0 0
38724653646 0 0 0
38724653691 0 0 0
38724653736 0 0 0
38724653781 0 0 0
38724653826 0 0 0
38724653871 0 0 0
38724653916 0 0 0
38724653961 0 0 0
38724654006 0 0 0
38724654051 0 0 0
38724654096 0 0 0
38724654141 0 0 0
38724654186 0 0 0
38724654231 0 0 0
38724654276 0 0 0
38724654321 0 0 0
38724654366 0 0 0
38724654411 0 0 0
38724654456 0 0 0
38724654501 0 0 0
38724654546 348 0 3
38724654591 1311 0 2
38724654636 474 0 2
38724654681 0 0 0
38724654726 0 0 0
38724654771 0 0 0
38724654816 0 0 0
38724654861 0 0 0
38724654906 0 0 0
38724654951 0 0 0
38724654996 0 0 0
38724655041 0 0 0
38724655086 0 0 0
38724655131 0 0 0
38724655176 0 0 0
38724655221 0 0 0
38724655266 0 0 0
38724655311 0 0 0
38724655356 0 0 0
38724655401 0 0 0
38724655446 0 0 0
38724655491 0 0 0
38724655536 0 0 0
38724655581 0 0 0
38724655626 0 0 0
38724655671 0 0 0
38724655716 0 0 0
38724655761 0 0 0
38724655806 0 0 0
38724655851 0 0 0
38724655896 0 0 0
38724655941 0 0 0
38724655986 0 0 0
38724656031 0 0 0
38724656076 0 0 0
38724656121 0 0 0
38724656166 0 0 0
38724656211 0 0 0
38724656256 0 0 0
38724656301 0 0 0
38724656346 0 0 0
38724656391 0 0 0
38724656436 0 0 0
38724656481 0 0 0
38724656526 0 0 0
38724656571 0 0 0
38724656616 0 0 0
38724656661 0 0 0
38724656706 0 0 0
38724656751 0 0 0
38724656796 0 0 0
38724656841 0 0 15
30119177578 2 0 18
read 1006 profiled data
